nan
nan
nan
nan
nan
0.000354
0.000903
0.001212
0.001545
0.001841
0.002192
0.002552
0.002847
0.003217
0.003527
0.003863
0.004212
0.004549
0.004868
0.005185
0.005552
0.005899
0.006217
0.006565
0.006845
0.007180
0.007511
0.007882
0.008243
0.008619
0.008936
0.009279
0.009611
0.009952
0.010302
0.010666
0.010937
0.011277
0.011609
0.011940
0.012279
0.012636
0.012929
0.013269
0.013604
0.014445
0.014274
0.014594
0.014937
0.015282
0.015649
0.015962
0.016250
0.016596
0.016941
0.017315
0.017601
0.017946
0.018299
0.018532
0.018964
0.019311
0.019594
0.019914
0.020276
0.021198
0.020920
0.021272
0.021637
0.021966
0.022300
0.026574
0.023080
0.023394
0.023729
0.024228
0.024336
0.024657
0.024823
0.024880
0.024856
0.024857
0.024834
0.024816
0.024806
0.024915
0.024742
0.024721
0.024724
0.024710
0.024686
0.024643
0.024624
0.024606
0.024596
0.024578
0.024555
0.024526
0.024512
0.024161
0.644971
1.930158
-0.001302
-0.002012
-0.007435
-0.010139
-0.012939
-0.015908
-0.018275
-0.018517
-0.023539
-0.025617
-0.027595
-0.042754
-0.063272
-0.076243
-0.079325
-0.049650
-0.052287
-0.021927
-0.024624
-0.027072
-0.029433
-0.031670
-0.034297
-0.036676
-0.038545
-0.040307
-0.041827
-0.007924
-0.011677
-0.013005
-0.014271
-0.015484
-0.016241
-0.017432
-0.018309
-0.019029
-0.019608
-0.020063
-0.020389
-0.020573
-0.020622
-0.020539
-0.020328
-0.020031
-0.019715
-0.019382
-0.019055
-0.018718
-0.018382
-0.018049
-0.017716
-0.017376
-0.017035
-0.016651
-0.016297
-0.015937
-0.015608
-0.015274
-0.014874
-0.014553
-0.014188
-0.013893
-0.013238
-0.013240
-0.012971
-0.012493
-0.012148
-0.011898
-0.011583
-0.011134
-0.010791
-0.010463
-0.010141
-0.009785
-0.009478
-0.009102
-0.008811
-0.008390
-0.008037
-0.007649
-0.007285
-0.006901
-0.006595
-0.006058
-0.005920
-0.005616
-0.005241
-0.004910
-0.004571
-0.004337
-0.003936
-0.003559
-0.003214
-0.002866
-0.002548
-0.002255
-0.001930
-0.001504
-0.001166
-0.000811
-0.000442
-0.000082
0.000225
0.000618
0.001018
0.001344
0.001666
0.001974
0.002278
0.002638
0.002993
0.003397
0.003828
0.004160
0.004466
0.004826
0.005168
0.005504
0.005844
0.006191
0.006495
0.006836
0.007164
0.007506
0.007831
0.008189
0.008486
0.008814
0.009151
0.009530
0.009828
0.010163
0.010479
0.010745
0.011172
0.011476
0.011851
0.012163
0.012488
0.012821
0.014098
0.013529
0.013938
0.014259
0.014581
0.014881
0.015233
0.015568
0.015971
0.016335
0.016687
0.017037
0.017306
0.017672
0.018063
0.018392
0.018762
0.019150
0.019471
0.019816
0.020260
0.020471
0.020799
0.021131
0.021449
0.021796
0.022252
0.022467
0.022886
0.023190
0.023470
0.023802
0.024126
0.024452
0.024789
0.025132
0.025460
0.025787
0.026090
0.026449
0.026784
0.027115
0.027448
0.027766
0.028064
0.028368
0.028763
0.029066
0.029444
0.029788
0.030123
0.030427
0.030758
0.031060
0.031440
0.031743
0.032101
0.032432
0.032773
0.033123
0.033466
0.033762
0.034115
0.034410
0.034712
0.035100
0.035421
0.035722
0.036093
0.036432
0.036830
0.037185
0.037582
0.037948
0.024122
0.011103
0.005767
0.006101
0.006491
0.006842
0.007170
0.007522
0.007827
0.008202
0.008521
0.008875
0.009188
0.009523
0.014772
0.010281
0.010709
0.011072
0.011392
0.011697
0.012088
0.012417
0.012794
0.013085
0.013419
0.013748
0.014082
0.014749
0.014859
0.015184
0.015553
0.015864
0.016233
0.016605
0.016963
0.017310
0.017553
0.017925
0.018309
0.018638
0.018970
0.019278
0.019606
0.019980
0.020299
0.020747
0.020924
0.021303
0.021566
0.021902
0.022246
0.022619
0.022952
0.023285
0.023609
0.023944
0.024286
0.024631
0.024955
0.025288
0.025619
0.025954
0.026275
0.026605
0.026981
0.027730
0.027600
0.027939
0.028278
0.028629
0.028948
0.029242
0.029626
0.029943
0.030293
0.030600
0.030932
0.031276
0.031593
0.031875
0.032224
0.032657
0.033051
0.033349
0.033685
0.034077
0.034455
0.034778
0.035108
0.035441
0.035776
0.036116
0.036418
0.036768
0.037112
0.037483
0.038053
0.038062
0.038414
0.038764
0.039106
0.039420
0.039738
0.018573
0.007084
0.007427
0.007772
0.008105
0.008764
0.008765
0.009158
0.009521
0.009897
0.010255
0.010608
0.010925
0.011232
0.012265
0.011938
0.012320
0.012641
0.012997
0.013342
0.013650
0.014010
0.014311
0.014650
0.015066
0.015438
0.015799
0.016115
0.016409
0.016766
0.017083
0.017413
0.017747
0.018056
0.018392
0.018747
0.019087
0.019415
0.019708
0.020073
0.020377
0.020730
0.021072
0.021338
0.021708
0.022064
0.022399
0.022692
0.023103
0.023572
0.023809
0.024146
0.024552
0.024867
0.025165
0.025635
0.025789
0.026152
0.026627
0.026856
0.027122
0.027525
0.027869
0.028190
0.028661
0.028933
0.029280
0.029604
0.029967
0.030263
0.030608
0.030960
0.037829
0.031688
0.032027
0.032348
0.032713
0.033068
0.033372
0.033702
0.034037
0.034412
0.034725
0.035036
0.035362
0.035701
0.036062
0.036598
0.036806
0.037181
0.037537
0.037869
0.038204
0.038516
0.038812
0.039097
0.039442
0.039850
0.020137
0.007253
0.007581
0.007872
0.008247
0.008646
0.009021
0.009385
0.009728
0.010037
0.010326
0.010641
0.010990
0.011321
0.011659
0.012008
0.012343
0.012710
0.013019
0.013387
0.013743
0.014238
0.014493
0.014836
0.015165
0.015506
0.015833
0.016995
0.016475
0.016824
0.017210
0.017560
0.017902
0.018277
0.018590
0.018897
0.019379
0.019559
0.019943
0.020306
0.020543
0.020665
0.020675
0.020656
0.020637
0.020664
0.020654
0.020613
0.020619
0.020872
2.824089
1.359798
1.356505
1.058120
0.035452
0.032535
0.029671
0.026471
0.023762
0.021259
0.018832
0.015408
0.012748
0.010453
0.008481
0.006599
0.004299
0.002487
0.000938
-0.000780
-0.002148
-0.003595
-0.004798
-0.005882
-0.006763
-0.007561
-0.008260
-0.008867
-0.009384
-0.009817
-0.009857
-0.010407
-0.010559
-0.010620
-0.010591
-0.010469
-0.010215
-0.009922
-0.009654
-0.009267
-0.008963
-0.008600
-0.008261
-0.007889
-0.007567
-0.007266
-0.006952
-0.006627
-0.006325
-0.006022
-0.005699
-0.005398
-0.005061
-0.004757
-0.004383
-0.004039
-0.003733
-0.003401
-0.003070
-0.002769
-0.002396
-0.002060
-0.001744
-0.001413
-0.001068
0.002697
-0.000393
-0.000074
0.000275
0.000593
0.000922
0.001253
0.001581
0.001929
0.002313
0.002630
0.002973
0.003310
0.003720
0.004084
0.004418
0.004756
0.005068
0.005339
0.005549
0.005902
0.006033
0.006089
0.006011
0.005989
0.010152
0.007944
0.005934
0.005937
0.006032
0.006231
0.006505
0.006806
0.007116
0.007418
0.007791
0.008095
0.008417
0.008749
0.009070
0.009406
0.009793
0.010146
0.010465
0.010855
0.011171
0.011687
0.011872
0.012175
0.012542
0.012834
0.013244
0.013548
0.013851
0.014171
0.014521
0.014834
0.015141
0.015445
0.015768
0.016075
0.016378
0.016683
0.017070
0.017373
0.017694
0.018055
0.018388
0.018721
0.019025
0.019325
0.019721
0.020018
0.020201
0.020291
0.020292
0.020295
0.020293
0.020283
0.020270
0.020260
0.020233
0.020221
0.020141
0.020121
0.020142
0.020133
0.020101
0.020082
0.020181
0.020361
0.020632
0.020972
0.021273
0.021575
0.021868
0.022172
0.022537
0.022843
0.023203
0.023528
0.023801
0.024104
0.024433
0.024745
0.025084
0.025395
0.025761
0.026148
0.026478
0.026829
0.027213
0.027464
0.027837
0.028175
0.028583
0.028856
0.029204
0.031827
0.029830
0.030248
0.030525
0.030911
0.031253
0.034526
0.031937
0.032240
0.032601
0.032905
0.033209
0.033512
0.033815
0.034119
0.034460
0.034783
0.035177
0.035628
0.035932
0.036234
0.036537
0.036950
0.037252
0.037561
0.037928
0.038230
0.038572
0.038876
0.039275
0.039613
0.040031
0.040337
0.040714
0.041018
0.041334
0.030327
0.008676
0.009081
0.009384
0.009686
0.009987
0.010242
0.010545
0.010907
0.011246
0.011601
0.011904
0.012276
0.012583
0.013490
0.013792
0.014094
0.013883
0.014187
0.014563
0.014866
0.015332
0.015636
0.015899
0.016223
0.016525
0.016828
0.017130
0.017431
0.017736
0.018089
0.020152
0.018734
0.019067
0.019390
0.019710
0.020109
0.020415
0.020719
0.021092
0.021507
0.021811
0.022133
0.022402
0.022775
0.023216
0.023581
0.023996
0.024339
0.024641
0.024944
0.025327
0.025630
0.026028
0.026337
0.026639
0.026992
0.027294
0.027597
0.027992
0.028294
0.028655
0.028956
0.029258
0.029626
0.029971
0.030305
0.034389
0.034748
0.032418
0.032722
0.033025
0.033327
0.033629
0.033933
0.034237
0.034540
0.034841
0.035145
0.035447
0.034793
0.035096
0.035337
0.035639
0.035940
0.036244
0.036546
0.036944
0.037285
0.037632
0.037957
0.038319
0.038626
0.038928
0.039230
0.039532
0.039836
0.040138
0.040519
0.040821
0.020307
0.020618
0.008427
0.008733
0.008997
0.009381
0.009767
0.010067
0.010380
0.010685
0.010989
0.011290
0.011721
0.012023
0.012359
0.012695
0.012991
0.013293
0.013655
0.013993
0.014296
0.014600
0.014984
0.015318
0.015622
0.015986
0.016349
0.016690
0.016992
0.017372
0.017652
0.017955
0.018257
0.018703
0.019032
0.019312
0.019645
0.019949
0.020313
0.020673
0.020978
0.021350
0.021678
0.021982
0.022364
0.022667
0.022970
0.023345
0.023649
0.024034
0.024353
0.024656
0.025022
0.025325
0.025699
0.025975
0.026308
0.026642
0.026945
0.027248
0.027643
0.027977
0.028307
0.028610
0.028913
0.029307
0.029638
0.029939
0.030303
0.030606
0.031006
0.031308
0.031612
0.031999
0.032309
0.032663
0.033003
0.033337
0.033640
0.033944
0.034248
0.034588
0.034900
0.035205
0.035533
0.035835
0.036139
0.036572
0.036902
0.037230
0.037533
0.037916
0.038219
0.038682
0.039902
0.007739
-0.026945
-0.026640
-0.026343
-0.026026
-0.025669
-0.025365
-0.024989
-0.024639
-0.024336
-0.024013
-0.023710
-0.023321
-0.023008
-0.022704
-0.022401
-0.022012
-0.021680
-0.021376
-0.021012
-0.020702
-0.020400
-0.019991
-0.019681
-0.019354
-0.019016
-0.018678
-0.018354
-0.018015
-0.017689
-0.017387
-0.016998
-0.016694
-0.016324
-0.016036
-0.015732
-0.015430
-0.015054
-0.014752
-0.014386
-0.014054
-0.013765
-0.013464
-0.013161
-0.012691
-0.012358
-0.012054
-0.011727
-0.011422
-0.011024
-0.010721
-0.010347
-0.010045
-0.009741
-0.009439
-0.009136
-0.008806
-0.008502
-0.008115
-0.007782
-0.007466
-0.007162
-0.006771
-0.006503
-0.006127
-0.005822
-0.005470
-0.005168
-0.004803
-0.004470
-0.004136
-0.003807
-0.003508
-0.003171
-0.002805
-0.002470
-0.002113
-0.001891
-0.001587
-0.001142
-0.000840
-0.000536
-0.000127
0.000190
0.000526
0.000845
0.001187
0.001523
0.001852
0.002181
0.002521
0.002860
0.003177
0.003481
0.003831
0.004134
0.004515
0.004844
0.005148
0.005509
0.005843
0.006179
0.006512
0.006816
0.007118
0.007422
0.007717
0.008019
0.008411
0.008714
0.009016
0.009319
0.009603
0.009938
0.010237
0.010541
0.010907
0.011244
0.011548
0.011850
0.012269
0.012573
0.012937
0.013272
0.013574
0.013893
0.014233
0.014537
0.014892
0.015230
0.015534
0.015894
0.016228
0.016558
0.016891
0.017193
0.017497
0.017799
0.018119
0.018453
0.018785
0.019120
0.019424
0.019785
0.020118
0.020451
0.020786
0.021157
0.021477
0.021816
0.022151
0.022482
0.022821
0.023149
0.023480
0.023816
0.024151
0.024486
0.024813
0.025154
0.025444
0.025778
0.026108
0.026440
0.026773
0.027076
0.027443
0.027748
0.028077
0.028380
0.028835
0.029138
0.029440
0.029745
0.030048
0.030351
0.030709
0.031013
0.031336
0.031639
0.032026
0.032328
0.032632
0.032934
0.033178
0.033481
0.033849
0.034835
0.035193
0.034897
0.035228
0.035569
0.035872
0.036235
0.036539
0.036901
0.037234
0.037536
0.037898
0.038232
0.038554
0.038857
0.039160
0.039529
0.039862
0.018668
0.007227
0.007524
0.007858
0.008192
0.008522
0.008855
0.009230
0.009519
0.009858
0.010188
0.010516
0.010884
0.011184
0.011555
0.011887
0.012190
0.012526
0.012889
0.013216
0.013552
0.013897
0.014217
0.014563
0.014844
0.015177
0.015509
0.015846
0.016177
0.016510
0.016842
0.017209
0.017547
0.017876
0.018206
0.018539
0.018871
0.019203
0.019507
0.019834
0.020214
0.020538
0.020841
0.021144
0.021555
0.021858
0.022199
0.022499
0.022831
0.023165
0.023503
0.023835
0.024165
0.024502
0.024829
0.025132
0.025544
0.025870
0.026184
0.026525
0.026828
0.027183
0.027485
0.027870
0.028182
0.028485
0.028788
0.029091
0.029395
0.029696
0.029999
0.030303
0.030628
0.030931
0.031233
0.031702
0.032005
0.032315
0.032618
0.032921
0.033223
0.033512
0.033815
0.034191
0.034507
0.034809
0.035187
0.035476
0.035779
0.036172
0.036505
0.036842
0.037169
0.037505
0.037836
0.038171
0.038474
0.038777
0.039081
0.039406
0.039710
0.018647
0.007074
0.007410
0.007740
0.008067
0.008400
0.008724
0.009064
0.009404
0.009744
0.010072
0.010414
0.010751
0.011055
0.011395
0.011700
0.012078
0.012382
0.012734
0.013058
0.013361
0.013749
0.014051
0.014409
0.014712
0.015073
0.015377
0.015717
0.016024
0.016364
0.016724
0.017028
0.017407
0.017710
0.018019
0.018352
0.018684
0.019018
0.019410
0.019683
0.020019
0.020352
0.020684
0.021020
0.021323
0.021681
0.022044
0.022348
0.022714
0.023017
0.023321
0.023624
0.023927
0.024228
0.024599
0.024940
0.025244
0.025563
0.025903
0.026250
0.026553
0.026893
0.027237
0.027578
0.027897
0.028269
0.028593
0.028896
0.029198
0.029605
0.029937
0.030240
0.030544
0.030919
0.031265
0.031570
0.031911
0.032263
0.032603
0.032908
0.033210
0.033583
0.033932
0.034291
0.034597
0.034929
0.035262
0.035591
0.035932
0.037282
0.036593
0.036896
0.037245
0.037594
0.037963
0.038252
0.049411
0.049842
0.050146
0.050449
0.050751
0.051055
0.051356
0.051661
0.051961
0.052265
0.052566
0.052869
0.053173
0.053475
0.053776
0.043441
0.043745
0.044109
0.044413
0.023859
0.024163
0.012110
0.012411
0.012713
0.013030
0.013408
0.013759
0.015508
0.017163
0.014901
0.015229
0.015532
0.015907
0.016308
0.016666
0.016969
0.017308
0.017665
0.017985
0.018323
0.018626
0.018949
0.019335
0.019686
0.020012
0.020325
0.027723
0.028024
0.028328
0.028629
0.028932
0.029236
0.029538
0.029842
0.030146
0.030455
0.030760
0.024229
0.024591
0.024892
0.025196
0.025556
0.025859
0.026325
0.026630
0.026902
0.027349
0.027653
0.027942
0.028295
0.028732
0.029084
0.029455
0.029731
0.030034
0.030337
0.030690
0.031048
0.031358
0.031668
0.031970
0.032334
0.032712
0.033083
0.033386
0.033690
0.033993
0.034346
0.034667
0.034965
0.035347
0.035746
0.036105
0.036538
0.036841
0.037143
0.038378
0.038002
0.038343
0.038716
0.039051
0.039391
0.039695
0.029928
0.015855
0.007526
0.007830
0.008159
0.008523
0.008855
0.012882
0.013185
0.013487
0.013792
0.014094
0.013729
0.011174
0.011478
0.011862
0.012165
0.012534
0.012858
0.013160
0.013530
0.013847
0.014162
0.014513
0.014836
0.015176
0.015477
0.015829
0.016161
0.016499
0.016852
0.017160
0.017502
0.017806
0.018109
0.018411
0.018713
0.019100
0.019402
0.019704
0.020008
0.020310
0.020612
0.020915
0.021218
0.021521
0.021825
0.022128
0.022431
0.022735
0.023037
0.023338
0.023643
0.023944
0.024248
0.024548
0.024851
0.025155
0.025457
0.025761
0.026099
0.026401
0.026719
0.027075
0.027406
0.027803
0.028161
0.028482
0.028810
0.029146
0.029494
0.029849
0.030143
0.030448
0.030817
0.031139
0.031477
0.031812
0.032114
0.032483
0.032810
0.033180
0.033570
0.033905
0.036601
0.034602
0.034990
0.035312
0.035707
0.035902
0.036346
0.036626
0.037047
0.037374
0.037674
0.038038
0.038364
0.038661
0.039061
0.039447
0.039631
0.039937
0.016514
0.007292
0.007945
0.008040
0.008290
0.008620
0.008831
0.009016
0.008983
0.008953
0.008923
0.008925
0.008891
0.008850
0.014718
0.005022
0.004565
0.004283
0.003983
0.003820
0.003835
0.003957
0.004135
0.004485
0.008487
0.005243
0.005645
0.005944
0.006263
0.006629
0.006974
0.007364
0.007715
0.007967
0.008333
0.008597
0.011139
0.009416
0.009620
0.009942
0.010279
0.010617
0.010959
0.011285
0.011620
0.011933
0.012282
0.012645
0.012980
0.013259
0.013590
0.013933
0.014274
0.014598
0.014940
0.015303
0.016447
0.016081
0.016419
0.016745
0.017080
0.017406
0.017709
0.018101
0.018517
0.018856
0.019200
0.019539
0.019878
0.020161
0.020539
0.020921
0.021271
0.021641
0.021960
0.022367
0.022753
0.023061
0.023449
0.023727
0.024070
0.024399
0.024719
0.025078
0.025381
0.025755
0.026038
0.026382
0.026731
0.027046
0.027407
0.027726
0.028038
0.028458
0.029433
0.029183
0.029481
0.029828
0.030158
0.030480
0.030825
0.031140
0.031478
0.031807
0.032137
0.032489
0.032899
0.033350
0.033638
0.033977
0.034273
0.034639
0.034993
0.035371
0.035742
0.036130
0.036459
0.036857
0.037195
0.037598
0.038028
0.038378
0.038734
0.039065
0.039377
0.039728
-0.023947
-0.026301
-0.025942
-0.025613
-0.025243
-0.024879
-0.024540
-0.024215
-0.023894
-0.023551
-0.023194
-0.022909
-0.022574
-0.022241
-0.021908
-0.021576
-0.021243
-0.020919
-0.020574
-0.020243
-0.019913
-0.019574
-0.019044
-0.018917
-0.018592
-0.013326
-0.017812
-0.017491
-0.017141
-0.016829
-0.016491
-0.016150
-0.015660
-0.015421
-0.014960
-0.014690
-0.014341
-0.013945
-0.013582
-0.013272
-0.012966
-0.012582
-0.011825
-0.011874
-0.011562
-0.011225
-0.010903
-0.010546
-0.010177
-0.009802
-0.009380
-0.009009
-0.008647
-0.008344
-0.008028
-0.007726
-0.007372
-0.007009
-0.006603
-0.006233
-0.005888
-0.005547
-0.005255
-0.004938
-0.004588
-0.004224
-0.003894
-0.003607
-0.003266
-0.002889
-0.002596
-0.002205
-0.001816
-0.001426
-0.001022
-0.000724
-0.000417
-0.000025
0.000288
0.000626
0.000975
0.001317
0.001629
0.001956
0.002291
0.002657
0.003000
0.003297
0.003620
0.003948
0.004271
0.004640
0.004978
0.005281
0.005584
0.005974
0.006328
0.006728
0.007022
0.007357
0.007689
0.008024
0.008358
0.008683
0.009031
0.009348
0.009689
0.010018
0.010352
0.010681
0.011020
0.011363
0.011682
0.012024
0.012356
0.012717
0.013070
0.013441
0.013802
0.014187
0.014529
0.014869
0.015260
0.015586
0.015916
0.016243
0.016682
0.016917
0.017252
0.017586
0.017914
0.018249
0.018576
0.018909
0.019249
0.019564
0.019907
0.020232
0.020596
0.020940
0.021265
0.021599
0.021944
0.022276
0.022601
0.023061
0.023405
0.023751
0.024085
0.024481
0.024988
0.025213
0.025981
0.025896
0.026231
0.026559
0.026898
0.027214
0.027517
0.027893
0.028233
0.028546
0.028853
0.029225
0.029563
0.029867
0.030222
0.030552
0.030873
0.031220
0.031646
0.031869
0.032202
0.032538
0.032885
0.033216
0.033536
0.033877
0.034197
0.034545
0.034881
0.035184
0.035541
0.036191
0.036202
0.036528
0.036864
0.037194
0.037521
0.037853
0.038188
0.038518
0.038897
0.039274
0.039622
0.039976
0.010906
0.007384
0.007785
0.008106
0.008455
0.008804
0.009108
0.009443
0.009799
0.010142
0.010479
0.010781
0.011165
0.011454
0.011946
0.012149
0.012537
0.012849
0.013190
0.013553
0.013845
0.014188
0.014511
0.014848
0.015209
0.015512
0.015836
0.016177
0.016517
0.016831
0.017133
0.017507
0.017835
0.018172
0.018477
0.018830
0.019172
0.019498
0.019815
0.020118
0.020689
0.021151
0.021401
0.021741
0.022154
0.022500
0.022819
0.023143
0.023474
0.023904
0.024263
0.024596
0.024947
0.025250
0.025585
0.025930
0.026411
0.026644
0.026911
0.027262
0.027596
0.027912
0.028249
0.028549
0.028906
0.029466
0.029640
0.029993
0.030395
0.030722
0.031081
0.031413
0.031798
0.032131
0.032509
0.032853
0.033230
0.033570
0.033931
0.034281
0.036244
0.034890
0.035246
0.035551
0.035874
0.036204
0.036547
0.036896
0.037221
0.037562
0.037895
0.038219
0.038612
0.038988
0.039644
0.039701
0.032852
0.007125
0.007467
0.007831
0.008157
0.008475
0.008795
0.009103
0.009407
0.009803
0.010131
0.010452
0.010797
0.011093
0.011397
0.011779
0.012109
0.012425
0.012783
0.013121
0.013467
0.013767
0.014108
0.014462
0.014780
0.015170
0.015517
0.015846
0.016151
0.016528
0.016930
0.017293
0.017688
0.018064
0.023253
0.018762
0.019107
0.019488
0.019856
0.020249
0.020544
0.020883
0.021239
0.021547
0.021922
0.022295
0.022615
0.023086
0.023401
0.023753
0.024086
0.024425
0.024726
0.025076
0.025414
0.026011
0.026092
0.026420
0.026924
0.027275
0.027671
0.028030
0.028352
0.028664
0.029014
0.029340
0.029694
0.029989
0.030317
0.030540
0.037835
0.031403
0.031718
0.032076
0.032416
0.032738
0.033074
0.033387
0.033696
0.034089
0.034427
0.034737
0.035058
0.035362
0.035731
0.036058
0.036381
0.036712
0.037042
0.037377
0.037705
0.038067
0.038380
0.038709
0.039047
0.039387
0.039709
0.006720
-0.026285
-0.025958
-0.025624
-0.025294
-0.024998
-0.024806
-0.024712
-0.024712
-0.024724
-0.024742
-0.024760
-0.024760
-0.024818
-0.024953
0.002315
-0.012549
-0.014190
-0.016034
-0.017580
-0.018917
-0.020215
-0.021398
-0.065729
-0.034595
-0.036316
-0.037951
-0.039497
-0.041049
-0.042385
-0.010532
-0.011652
-0.012839
-0.013851
-0.014651
-0.015320
-0.015898
-0.016383
-0.016780
-0.017084
-0.017296
-0.017401
-0.017380
-0.017214
-0.016961
-0.016627
-0.016291
-0.015989
-0.015686
-0.015309
-0.015007
-0.014644
-0.014292
-0.013990
-0.013686
-0.013260
-0.012932
-0.012591
-0.012287
-0.011983
-0.011605
-0.011303
-0.010976
-0.010633
-0.010330
-0.009981
-0.009596
-0.009262
-0.008958
-0.008654
-0.008275
-0.007971
-0.007668
-0.007262
-0.006935
-0.006602
-0.006298
-0.005929
-0.005624
-0.005277
-0.004974
-0.004649
-0.004300
-0.003998
-0.003695
-0.003323
-0.002972
-0.002636
-0.002332
-0.002028
-0.001725
-0.001399
-0.001094
-0.000790
-0.000384
-0.000067
0.000259
0.000563
0.000946
0.001251
0.001615
0.001931
0.002260
0.002563
