nan
nan
0.000501
0.007550
0.001274
0.001609
0.001927
0.002262
0.002595
0.002899
0.003274
0.003569
0.003911
0.004114
0.004309
0.004354
0.004306
0.004276
0.004260
0.004257
0.004219
0.004188
0.004166
0.004166
0.004148
0.004124
0.004094
0.004088
0.004120
0.004103
0.004092
0.004054
0.003995
0.003947
0.003954
0.003950
0.003909
0.003901
0.003872
0.003832
0.003790
0.003803
0.003790
0.003762
0.003814
0.003719
0.003711
0.003795
0.003717
0.003682
0.003654
0.003641
0.003626
0.003551
0.003503
0.003254
0.002982
9.102709
9.099677
9.048622
8.808122
8.805090
8.585586
8.473409
8.350143
8.143774
7.105770
7.102480
6.397760
6.394699
6.391729
5.309443
5.306213
5.303299
5.300317
5.297619
5.294118
5.291582
2.385053
2.381746
2.378544
-0.019630
-0.023052
-0.025722
-0.028506
-0.031174
-0.033550
-0.036504
-0.039008
-0.041077
-0.009808
-0.011662
-0.013495
-0.015305
-0.016760
-0.018157
-0.019904
-0.021154
-0.022285
-0.023451
-0.024345
-0.025191
-0.025883
-0.026484
-0.026941
-0.027419
-0.027744
-0.027900
-0.027950
-0.027949
-0.027954
-0.027934
-0.028162
-0.035346
-0.037490
-0.038497
-0.039392
-0.040123
-0.040703
-0.007909
-0.007888
-0.008471
-0.008839
-0.009459
0.547735
-0.012050
-0.015015
-0.028227
-0.030518
-0.032654
-0.034843
0.247324
-0.024737
-0.029811
1.058525
1.054858
4.698090
6.119836
4.222581
3.247786
1.461216
0.997126
0.012609
-0.001534
-0.012041
-0.014858
-0.018169
-0.021001
-0.023728
-0.026290
-0.028602
-0.031254
-0.033572
-0.035767
-0.037831
-0.039820
-0.041557
-0.043196
-0.011907
-0.013406
-0.014848
-0.016217
-0.017494
-0.018645
-0.016706
-0.020963
-0.021796
-0.022646
-0.023246
-0.023747
-0.024207
-0.024477
-0.024665
-0.024404
-0.024644
-0.024412
-0.024098
-0.023768
-0.023428
-0.023088
-0.022707
-0.022387
-0.018193
-0.021735
-0.021401
-0.020591
-0.020736
-0.020425
-0.020082
-0.019751
-0.019414
-0.019085
-0.018712
-0.018366
-0.018017
-0.017718
-0.017389
-0.017030
-0.016697
-0.016330
-0.015956
-0.015564
-0.015220
-0.014867
-0.014551
-0.014208
-0.013770
-0.013420
-0.013103
-0.012739
-0.012336
-0.011999
-0.011552
-0.011128
-0.010798
-0.010435
-0.010066
-0.009686
-0.009238
-0.008853
-0.008495
-0.008150
-0.007818
-0.007470
-0.007110
-0.006719
-0.005712
-0.005984
-0.005591
-0.005326
-0.004986
-0.004649
-0.004315
-0.003949
-0.003574
-0.003224
-0.002884
-0.002659
-0.002393
-0.002055
-0.001228
0.000465
-0.000983
-0.000704
-0.000378
-0.000059
0.000313
0.000616
0.000948
0.001273
0.002302
0.002312
0.002452
0.002853
0.003155
0.003498
0.003839
0.004174
0.004509
0.004843
0.005191
0.005557
0.005870
0.006187
0.006535
0.006866
0.007213
0.007538
0.007865
0.008196
0.008519
0.008853
0.009201
0.009505
0.009799
0.010178
0.010501
0.010849
0.011162
0.011540
0.011841
0.012172
0.012498
0.012834
0.013195
0.013500
0.013815
0.014173
0.014494
0.014834
0.015176
0.015465
0.015775
0.016138
0.016441
0.016808
0.017137
0.017449
0.017813
0.018135
0.018478
0.018812
0.019150
0.019486
0.019806
0.020117
0.020482
0.020801
0.021139
0.021434
0.021773
0.022119
0.022439
0.022771
0.023105
0.023440
0.023799
0.024131
0.024465
0.024804
0.025134
0.025471
0.025800
0.026101
0.026432
0.026765
0.027101
0.027434
0.027798
0.028124
0.028462
0.028790
0.029132
0.029461
0.029797
0.030137
0.030460
0.030815
0.031140
0.031458
0.031799
0.032129
0.032467
0.032805
0.033145
0.033451
0.033791
0.034127
0.034450
0.034785
0.035113
0.035440
0.035756
0.036082
0.036420
0.036755
0.037096
0.037429
0.037753
0.038095
0.038411
0.038802
0.039082
0.039452
0.039787
0.019075
0.007137
0.007459
0.007796
0.008120
0.008452
0.008796
