nan
nan
nan
nan
nan
nan
nan
nan
nan
nan
nan
nan
nan
nan
nan
nan
nan
nan
nan
nan
nan
nan
nan
nan
nan
nan
nan
nan
0.000508
0.004481
0.002088
0.001805
0.002119
0.002461
0.004508
0.003218
0.003527
0.003873
0.004194
0.004530
0.005124
0.005434
0.005547
0.005857
0.006184
0.006523
0.006860
0.007187
0.007540
0.007871
0.008243
0.008643
0.008953
0.009291
0.009615
0.009950
0.010297
0.010596
0.010906
0.011251
0.011572
0.011966
0.012253
0.012586
0.012950
0.013287
0.013663
0.014100
0.014415
0.014719
0.015097
0.015434
0.015736
0.016095
0.016432
0.016800
0.017190
0.017500
0.017867
0.018199
0.018486
0.018860
0.019149
0.019587
0.020292
0.021856
0.020909
0.021093
0.021402
0.021943
0.022080
0.022382
0.022716
0.023061
0.023394
0.023696
0.027101
0.024420
0.024778
0.025152
0.025487
0.031196
0.026172
0.026466
0.026790
0.027100
0.027400
0.031892
0.028159
0.028492
0.040929
-0.001483
-0.003784
-0.003412
-0.003070
-0.002710
-0.002372
-0.001941
-0.001504
-0.001193
-0.000847
-0.000526
-0.000156
0.000190
0.000521
0.000889
0.001231
0.001553
0.001955
0.002378
0.002755
0.003079
0.003511
0.003843
0.004162
0.004480
0.004763
0.005079
0.005409
0.005755
0.006139
0.006500
0.006838
0.007131
0.007452
0.007786
0.008111
0.008443
0.008787
0.009106
0.009459
0.009798
0.010111
0.010442
0.010777
0.011121
0.011478
0.011767
0.012102
0.012437
0.012771
0.013099
0.013430
0.013769
0.014094
0.014443
0.014767
0.015208
0.015569
0.015984
0.016401
0.016680
0.017116
0.017487
0.017821
0.018141
0.018444
0.018728
0.019132
0.019480
0.019872
0.020206
0.020530
0.020903
0.021186
0.021558
0.021922
0.022199
0.024054
0.022912
0.023174
0.023387
0.023551
0.023807
0.024185
0.024340
0.024415
0.024538
0.024808
0.024875
0.024915
0.024956
0.024940
0.024924
0.024917
0.024905
0.024891
0.025035
0.024878
0.024852
0.024820
0.024704
0.024693
0.024884
0.024790
0.024782
0.024739
0.024713
0.024628
0.024670
0.024667
0.024623
0.024599
0.024576
0.024486
0.024558
0.024915
0.024521
0.024485
0.024460
0.024470
0.024436
0.024426
0.024418
0.024409
0.024399
0.024385
0.024358
0.024346
0.024674
0.024301
0.024256
0.024304
0.024276
0.024267
0.024253
0.024252
0.024206
0.024130
0.024039
0.024270
0.023837
0.023513
0.022952
0.020925
0.020105
4.788078
4.638428
5.752910
5.502009
5.499127
2.919787
2.895213
0.805855
0.802384
-0.010619
-0.013482
-0.015778
-0.018150
-0.025420
-0.027727
-0.042861
-0.030664
-0.033484
-0.036204
-0.038787
-0.041031
-0.010252
-0.012559
-0.014709
-0.019196
1.274653
0.506978
-0.003838
0.424982
0.380198
-0.023094
-0.042271
-0.044993
-0.014693
-0.017245
-0.029127
-0.031149
-0.033018
2.064346
2.061144
2.720126
2.174691
2.199235
2.198333
1.436410
1.468001
2.564526
2.173151
2.170226
0.961747
0.958765
0.955883
-0.031034
-0.027936
-0.036524
-0.039280
-0.041738
-0.011268
-0.014165
-0.016239
-0.018551
-0.020620
-0.022652
-0.024730
-0.026450
-0.028303
-0.030019
-0.031523
-0.032930
-0.034285
-0.035496
-0.036704
-0.037678
-0.038598
-0.039424
-0.039977
-0.040580
-0.007723
-0.008032
-0.008146
-0.008207
-0.008165
-0.008016
-0.006715
-0.006414
-0.007098
-0.006760
-0.006456
-0.006099
-0.005756
-0.005426
-0.005098
-0.004755
-0.004410
-0.004070
-0.003765
-0.003429
-0.003094
-0.002794
-0.002440
-0.002065
-0.001762
-0.001427
-0.001076
-0.000762
-0.000426
-0.000079
0.000236
0.000597
0.000906
0.001228
0.001622
0.001991
0.002282
0.002700
0.003002
0.003313
0.003665
0.004032
0.004353
0.004658
0.005035
0.005327
0.005677
0.006020
0.006327
0.006689
0.006981
0.007346
0.007759
0.008152
0.008482
0.008786
0.009053
0.009487
0.009876
0.010196
0.010549
0.010901
0.011213
0.011569
0.011872
0.012210
0.012538
0.012872
0.013232
0.013534
0.013900
0.014189
0.014528
0.014862
0.015196
0.015552
0.015859
0.016202
0.016527
0.016872
0.017241
0.017627
0.017959
0.018293
0.018612
0.018932
0.019302
0.019705
0.020173
0.020959
0.021600
0.021030
0.021370
0.021716
0.022029
0.023120
0.022739
0.023569
0.023424
0.023655
0.024105
0.024448
0.024760
0.025101
0.025442
0.025831
0.026170
0.026504
0.026849
0.027269
0.027603
0.027946
0.028276
0.028604
0.028981
0.029271
0.029619
0.029961
0.030267
0.030648
0.030930
0.031275
0.031532
0.031954
0.032380
0.037551
0.033171
0.033510
0.033838
0.034172
0.034509
0.034832
0.035136
0.035502
0.035831
0.036160
0.036495
0.036834
0.037194
0.037482
0.037822
0.038165
0.038504
0.038830
0.039163
0.039494
0.039870
0.015300
0.007238
0.007592
0.007930
0.008261
0.008603
0.008917
0.009234
0.010978
0.009939
0.010236
0.010588
0.010889
0.011229
0.011574
0.011903
0.012248
0.012618
0.012914
0.013241
0.013620
0.014013
0.014409
0.014784
0.015215
0.015555
0.015901
0.016231
0.016621
0.017018
0.017358
0.017635
0.017983
0.018401
0.018797
0.019122
0.019445
0.019798
0.020199
0.020525
0.020855
0.021184
0.021527
0.021852
0.022197
0.022520
0.022856
0.023188
0.023517
0.023857
0.024184
0.024524
0.024846
0.025178
0.025516
0.025811
0.026183
0.026504
0.026844
0.027176
0.027504
0.027842
0.028193
0.028513
0.028859
0.029175
0.029505
0.029846
0.030174
0.030499
0.030840
0.031171
0.031506
0.031832
0.032181
0.032518
0.032836
0.033209
0.033606
0.034323
0.034854
0.034577
0.034978
0.035263
0.035593
0.035925
0.036263
0.036590
0.036941
0.037277
0.037591
0.037916
0.038253
0.038838
0.039358
0.039245
0.039582
0.018766
0.006983
0.007241
0.008245
0.007993
0.009679
0.008627
0.008937
0.009282
0.009657
0.009968
0.010262
0.010697
0.011071
0.011399
0.011711
0.012040
0.012384
0.012716
0.013051
0.013496
0.013710
0.014050
0.014400
0.014720
0.015142
0.015527
0.015836
0.016168
0.016564
0.016884
0.017212
0.017552
0.017899
0.018289
0.018626
0.018933
0.019219
0.019775
0.019956
0.020300
0.020610
0.020937
0.021250
0.021698
0.022017
0.022357
0.022818
0.023134
0.023486
0.023787
0.024124
0.024446
0.024797
0.025126
0.025488
0.028519
0.026130
0.026516
0.026807
0.027137
0.027479
0.027797
0.028161
0.028513
0.028858
0.029170
0.029553
0.030366
0.030367
0.030692
0.031019
0.031323
0.031682
0.032030
0.032368
0.032684
0.033047
0.033329
0.033698
0.034016
0.034331
0.034692
0.035012
0.035345
0.035660
0.035963
0.036354
0.036674
0.037011
0.037390
0.037786
0.038095
0.038407
0.038981
0.038868
0.038928
0.038919
0.038897
0.038880
0.038846
0.038861
0.038780
0.038600
0.038819
0.038445
0.038485
0.038665
0.038766
0.038816
0.038782
0.038783
0.038795
0.038739
0.038714
0.038703
0.038674
0.038675
0.038602
0.038624
0.038618
0.038604
0.038585
0.038570
0.038546
0.038511
0.037789
0.037280
0.033622
0.439480
0.436476
-0.011568
-0.035325
-0.034492
-0.037927
0.887244
1.048649
1.025442
