nan
nan
nan
nan
nan
nan
nan
nan
nan
nan
nan
nan
nan
nan
nan
nan
nan
nan
nan
0.000373
0.002650
0.001170
0.001443
0.001748
0.002173
0.002427
0.002699
0.003003
0.003466
0.003770
0.004085
0.004505
0.004806
0.005110
0.005433
0.005813
0.006104
0.006407
0.006742
0.007109
0.007452
0.007769
0.008113
0.008428
0.008763
0.009064
0.009413
0.009770
0.010113
0.010425
0.010766
0.011094
0.011420
0.011723
0.012108
0.012470
0.012730
0.013045
0.013394
0.013753
0.014108
0.014423
0.014766
0.015069
0.015432
0.015754
0.016113
0.016415
0.016748
0.017096
0.017447
0.017793
0.018159
0.018417
0.018655
0.018958
0.019402
0.019802
0.020084
0.020386
0.020762
0.021079
0.021382
0.021752
0.022082
0.022440
0.022739
0.023042
0.023413
0.023842
0.024174
0.024541
0.024877
0.025292
0.026082
0.026005
0.026343
0.026738
0.027069
0.027354
0.027723
0.028064
0.028361
0.028763
0.029154
0.029523
0.029812
0.030169
0.030483
0.030830
0.031155
0.031520
0.031843
0.032149
0.032467
0.032789
0.033145
0.033424
0.033830
0.034159
0.034505
0.034814
0.035178
0.035465
0.037641
0.036223
0.036569
0.037276
0.037309
0.037673
0.038025
0.038300
0.038713
0.039028
0.039333
0.039710
0.039927
-0.026306
-0.026001
-0.025638
-0.025335
-0.024974
-0.024636
-0.024308
-0.024006
-0.023642
-0.023340
-0.022954
-0.022628
-0.022323
-0.021989
-0.021614
-0.021304
-0.021001
-0.020643
-0.020342
-0.019976
-0.019646
-0.019355
-0.018989
-0.018655
-0.018365
-0.017993
-0.017690
-0.017369
-0.016998
-0.016661
-0.016331
-0.015997
-0.015673
-0.015357
-0.014986
-0.014656
-0.014328
-0.013988
-0.013686
-0.013358
-0.012995
-0.012667
-0.012343
-0.012039
-0.011672
-0.011351
-0.011049
-0.010690
-0.010378
-0.010013
-0.009708
-0.009382
-0.009022
-0.008663
-0.008385
-0.008020
-0.007686
-0.007388
-0.006969
-0.006578
-0.005939
-0.005904
-0.005514
-0.005148
-0.004832
-0.004456
-0.004015
-0.003695
-0.003266
-0.003028
-0.002691
-0.002398
-0.002049
-0.001650
-0.001369
-0.001061
-0.000703
-0.000361
-0.000033
0.000275
0.000592
0.000966
0.001289
0.001624
0.001973
0.002262
0.002619
0.002924
0.003297
0.003587
0.004065
0.004280
0.004621
0.004964
0.005299
0.005585
0.005959
0.006284
0.006588
0.006952
0.007258
0.007616
0.007933
0.008229
0.008532
0.008977
0.009286
0.009611
0.009936
0.010273
0.010555
0.010943
0.011270
0.011574
0.011949
0.012283
0.012583
0.012946
0.013251
0.013604
0.013947
0.014276
0.014578
0.014945
0.015270
0.015572
0.015931
0.016273
0.016576
0.016941
0.017275
0.017649
0.018041
0.018397
0.018763
0.019090
0.019474
0.019803
0.020167
0.020480
0.020765
0.021179
0.021517
0.022540
0.022380
0.022460
0.023605
0.023125
0.024240
0.023839
0.024189
0.024522
0.024931
0.025288
0.025585
0.025915
0.026743
0.026674
0.026961
0.027363
0.027698
0.028029
0.028345
0.028656
0.029012
0.029342
0.029792
0.030111
0.030823
0.030835
0.031114
0.031464
0.031825
0.032298
0.032373
0.032888
0.033385
0.033642
0.033758
0.034082
0.034426
0.034803
0.035175
0.035560
0.035885
0.036264
0.036573
0.036905
0.037283
0.037674
0.038024
0.038320
0.038639
0.039004
0.039371
0.039660
0.019180
0.006985
0.007388
0.007779
0.009494
0.008508
0.008890
0.009192
0.009547
0.009850
0.010185
0.010543
0.010881
0.011236
0.011548
0.011849
0.012177
0.012576
0.012884
0.013180
0.013537
0.013838
0.014171
0.014540
0.014870
0.015168
0.015547
0.015875
0.016164
0.016621
0.016918
0.017320
0.017670
0.018081
0.018702
0.019126
0.019096
0.019383
0.019742
0.020053
0.020435
0.021188
0.021070
0.022145
0.021883
0.022155
0.022521
0.022826
0.023126
0.023547
0.023866
0.024190
0.024494
0.024845
0.025148
0.025523
0.025824
0.026140
0.026539
0.026845
0.027187
0.027507
0.027810
0.028183
0.028483
0.028847
0.029150
0.029451
0.029854
0.030156
0.030510
0.030834
0.031147
0.031503
0.031837
0.032169
0.032525
0.032938
0.033254
0.033664
0.033976
0.034275
0.034585
0.034965
0.035279
0.035597
0.035933
0.036318
0.036721
0.037060
0.037451
0.037870
0.038259
0.038604
0.038935
0.039268
0.039652
0.030678
0.010015
0.007475
0.007925
0.008258
0.008591
0.008964
0.009269
0.009578
0.009947
0.010279
0.010597
0.010909
0.011274
0.011574
0.011889
0.012199
0.012532
0.012867
0.013251
0.013591
0.013967
0.014305
0.014626
0.015017
0.015414
0.015806
0.016141
0.016446
0.016851
0.017179
0.017585
0.017956
0.018340
0.018736
0.019065
0.019322
0.019695
0.020085
0.020448
0.020769
0.021128
0.021580
0.021949
0.022346
0.022776
0.023094
0.023531
0.023895
0.024301
0.024673
0.025041
0.025403
0.025742
0.026043
0.026272
0.026654
0.026966
0.027311
0.027631
0.028111
0.028485
0.028799
0.029119
0.029385
0.029688
0.030117
0.030451
0.030754
0.031080
0.031455
0.031900
0.032219
0.032546
0.032864
0.033245
0.033564
0.033915
0.034322
0.034683
0.035095
0.035568
0.035887
0.036275
0.036638
0.037038
0.037327
0.037929
0.038074
0.038451
0.038720
0.039096
0.039432
0.039727
0.010428
0.007200
0.007485
0.007865
0.008210
0.008534
0.008868
0.009203
0.009544
0.009916
0.010293
0.010591
0.010943
0.011361
0.011669
0.011983
0.012385
0.012596
0.012965
0.013299
0.013665
0.014031
0.014291
0.014647
0.015077
0.015327
0.015745
0.016146
0.016528
0.016847
0.017188
0.017513
0.017846
0.018190
0.018505
0.018836
0.019151
0.019475
0.019846
0.020176
0.020502
0.020842
0.021183
0.021565
0.021924
0.022561
0.022643
0.023042
0.023380
0.023719
0.024048
0.024392
0.024700
0.025006
0.025334
0.025661
0.026311
0.028767
0.026899
0.028147
0.027863
0.028735
0.028240
0.028573
0.028963
0.029267
0.029715
0.031102
0.030370
0.030671
0.031028
0.031439
0.031780
0.032133
0.032491
0.032885
0.033543
0.034168
0.033960
0.034285
0.034639
0.034980
0.035249
0.035653
0.035976
0.036336
0.036701
0.037038
0.037427
0.037798
0.038126
0.038471
0.038803
0.039110
0.039440
0.039805
-0.024020
-0.026028
-0.025689
-0.025373
-0.025027
-0.021729
-0.024306
-0.023980
-0.023646
-0.023218
-0.022875
-0.022552
-0.022215
-0.021882
-0.021556
-0.021249
-0.020123
-0.019850
-0.019480
-0.019910
-0.019244
-0.019257
-0.018928
-0.018592
-0.018265
-0.017910
-0.017603
-0.016521
-0.016196
-0.016649
-0.016313
-0.015991
-0.015652
-0.015325
-0.014625
-0.014735
-0.014402
-0.014078
-0.013734
-0.013407
-0.013073
-0.012734
-0.012437
-0.012136
-0.011815
-0.011460
-0.011121
-0.010791
-0.010494
-0.010058
-0.009687
-0.009324
-0.008980
-0.008689
-0.008310
-0.007966
-0.007658
-0.007286
-0.006962
-0.006695
-0.006179
-0.005982
-0.005684
-0.005316
-0.005012
-0.004694
-0.004242
-0.003930
-0.003629
-0.003262
-0.002959
-0.002625
-0.002265
-0.001886
-0.001497
-0.001160
-0.000847
-0.000452
-0.000057
0.000274
0.000623
0.001072
0.001424
0.001715
0.002020
0.002347
0.002729
0.003103
0.003483
0.003825
0.004154
0.004488
0.004868
0.005254
0.005508
0.005979
0.006259
0.006682
0.007061
0.007327
0.007700
0.008004
0.008336
0.008710
0.009044
0.009383
0.009701
0.010045
0.010374
0.010710
0.011043
0.011373
0.011695
0.012036
0.012369
0.012745
0.013142
0.013472
0.013812
0.014074
0.014470
0.014798
0.015153
0.015473
0.015853
0.016240
0.018011
0.016968
0.017227
0.017744
0.017916
0.018414
0.018784
0.019055
0.019501
0.019868
0.020176
0.020553
0.020957
0.021287
0.021654
0.022062
0.022437
0.022770
0.023104
0.023449
0.023804
0.024129
0.024473
0.024805
0.025118
0.027976
0.025794
0.026114
0.026459
0.026769
0.027112
0.027430
0.027756
0.028110
0.028460
0.028794
0.029118
0.029465
0.029789
0.030114
0.030431
0.030794
0.031108
0.031457
0.031711
0.032115
0.032444
0.032777
0.033069
0.033449
0.033789
0.034110
0.034443
0.034763
0.035108
0.035443
0.035783
0.036107
0.036432
0.036772
0.037139
0.037463
0.037767
0.038040
0.038432
0.038767
0.039095
0.039429
0.039761
0.020058
0.007127
0.007530
0.007872
0.008215
0.008536
0.008847
0.009184
0.009555
0.010032
0.010361
0.010737
0.011095
0.011598
0.011878
0.012327
0.012628
0.012928
0.013397
0.013717
0.014043
0.014370
0.014706
0.015046
0.015371
0.015720
0.016146
0.016455
0.016821
0.017183
0.017537
0.017880
0.018208
0.018534
0.018844
0.019234
0.019576
0.019918
0.020285
0.020619
0.020993
0.021361
0.021750
0.022152
0.022521
0.022981
0.023248
0.023590
0.023933
0.024298
0.024671
0.024983
0.025360
0.025703
0.026016
0.026359
0.026693
0.027014
0.027374
0.027701
0.028014
0.028387
0.028794
0.030262
0.029511
0.029802
0.030767
0.031121
0.030781
0.031122
0.031445
0.031773
0.032869
0.032590
0.032878
0.033258
0.033588
0.033909
0.034277
0.034674
0.035000
0.035392
0.035660
0.036006
0.036336
0.036661
0.036994
0.037354
0.037678
0.037990
0.038340
0.038678
0.039012
0.039332
0.039697
0.020140
0.007105
0.007485
0.007757
0.008253
0.008500
0.008932
0.009148
0.009788
0.010217
0.010147
0.010451
0.010896
0.011217
0.011506
0.011880
0.012216
0.012542
0.012847
0.013210
0.013496
0.013882
0.014182
0.014532
0.014880
0.015223
0.015548
0.015891
0.016252
0.016536
0.016840
0.017198
0.017492
0.017901
0.018268
0.018636
0.018995
0.019261
0.019649
0.019982
0.020306
0.020631
0.020952
0.021334
0.021724
0.022049
0.022398
0.022681
0.023156
0.023489
0.023876
0.024120
0.024500
0.024946
0.025280
0.025675
0.026065
0.026449
0.026913
0.027270
0.027590
0.027932
0.028207
0.028587
0.028922
0.029257
0.029584
0.029951
0.030361
0.031370
0.031236
0.031497
0.031726
0.032190
0.032789
0.033021
0.033116
0.033482
0.033788
0.034151
0.034453
0.034908
0.035157
0.035459
0.035822
0.036128
0.036444
0.036800
0.037190
0.037441
0.037799
0.038140
0.038541
0.038812
0.039075
0.039378
0.039806
0.009199
0.007133
0.007434
0.007812
0.008102
0.008415
0.008942
0.009138
0.009461
0.009762
0.010127
0.010430
0.010796
0.011143
0.011457
0.011793
0.012121
0.013822
0.012795
0.013125
0.013426
0.013788
0.014082
0.014467
0.014787
0.015085
0.015455
0.015786
0.016090
0.016454
0.016777
0.017079
0.017455
0.017790
0.018087
0.018459
0.018791
0.019120
0.019423
0.019843
0.020217
0.020558
0.020872
0.021196
0.021566
0.021973
0.022764
0.022622
0.024285
0.023365
0.023633
0.023990
0.024344
0.025665
0.025075
0.025442
0.025772
0.026044
0.026439
0.026772
0.027107
0.027469
0.027816
0.028193
0.028540
0.028874
0.029204
0.029522
0.029833
0.030215
0.030514
0.030865
0.031258
0.031623
0.031978
0.032339
0.032660
0.032990
0.033354
0.033608
0.033967
0.034364
0.034675
0.034970
0.035334
0.035638
0.035964
0.036375
0.036654
0.037014
0.037326
0.037597
0.038019
0.039263
0.039107
0.039084
0.039407
0.039710
-0.024721
-0.026259
-0.025925
-0.025622
-0.025184
-0.024929
-0.024622
-0.024258
-0.023956
-0.023599
-0.023296
-0.022939
-0.022635
-0.022268
-0.021933
-0.021522
-0.021232
-0.020823
-0.020473
-0.020147
-0.019834
-0.019545
-0.019144
-0.010724
-0.018463
-0.017327
-0.017700
-0.017274
-0.016936
-0.016638
-0.016274
-0.015942
-0.015608
-0.015299
-0.014937
-0.014613
-0.014199
-0.013736
-0.013490
-0.013163
-0.012834
-0.012503
-0.012266
-0.011857
-0.011524
-0.011207
-0.010853
-0.010523
-0.010197
-0.009854
-0.009552
-0.009221
-0.008772
-0.008544
-0.008228
-0.007845
-0.007544
-0.007209
-0.006864
-0.006517
-0.002428
-0.005766
-0.005455
-0.005081
-0.004524
-0.004451
-0.004099
-0.003799
-0.000722
-0.003068
-0.002766
-0.002440
-0.002112
-0.001773
-0.001454
-0.001132
-0.000761
-0.000345
0.005292
0.000359
0.000760
0.001135
0.001435
0.001762
0.002093
0.002418
0.002781
0.003093
0.003424
0.003767
0.004112
0.004448
0.004792
0.005117
0.005429
0.005763
0.006112
0.006420
0.006797
0.007080
0.007427
0.007773
0.008126
0.008463
0.008774
0.011062
0.009431
0.010689
0.010099
0.010441
0.010781
0.011049
0.011462
0.011744
0.012080
0.015481
0.012850
0.013184
0.013513
0.013847
0.014180
0.014775
0.014917
0.015991
0.015525
0.015907
0.016367
0.016682
0.021038
0.017416
0.017783
0.018161
0.018531
0.018904
0.019442
0.019565
0.019827
0.020794
0.020546
0.021362
0.021187
0.021610
0.021794
0.022296
0.022751
0.023562
0.023381
0.023729
0.024058
0.024389
0.024713
0.025030
0.025368
0.025694
0.026031
0.026413
0.026743
0.027032
0.027379
0.027726
0.028051
0.028377
0.028709
0.038738
0.029418
0.029727
0.030050
0.030377
0.030699
0.031031
0.031381
0.031734
0.032042
0.032371
0.032955
0.033048
0.033359
0.033704
0.034028
0.034356
0.034698
0.035248
0.035381
0.035708
0.036039
0.036344
0.036697
0.037033
0.037367
0.037689
0.038023
0.038359
0.038700
0.039067
0.039434
0.039818
0.018853
0.007229
0.007547
0.007836
0.008236
0.008620
0.008928
0.009231
0.009596
0.009896
0.010263
0.010596
0.010904
0.011271
0.011600
0.011941
0.012388
0.012710
0.013007
0.013387
0.013706
0.014040
0.014413
0.014810
0.015180
0.015492
0.015778
0.016120
0.016464
0.016783
0.017049
0.017642
0.017808
0.018245
0.018584
0.018920
0.019257
0.019666
0.020024
0.020347
0.020680
0.020960
0.021353
0.021705
0.022011
0.022373
0.022770
0.023445
0.024629
0.023726
0.024097
0.024435
0.024753
0.025077
0.026081
0.025815
0.026246
0.026562
0.026862
0.027236
0.027563
0.027851
0.028227
0.028560
0.028848
0.029230
0.029645
0.030002
0.030310
0.030639
0.030995
0.031299
0.031634
0.031967
0.032301
0.032631
0.032964
0.033304
0.033642
0.033961
0.034306
0.034643
0.034972
0.035307
0.035628
0.035957
0.036308
0.036660
0.037037
0.037418
0.037820
0.038147
0.038563
0.038854
0.039215
0.039623
0.018874
0.006945
0.007338
0.007723
0.008060
0.008441
0.008929
0.010072
0.009451
0.009710
0.010111
0.010572
0.010957
0.011334
0.011638
0.011977
0.012289
0.012634
0.013021
0.013397
0.015096
0.014107
0.014403
0.014802
0.015131
0.015454
0.015834
0.016190
0.016543
0.016853
0.017156
0.017474
0.017836
0.018210
0.018591
0.018932
0.019285
0.019544
0.019979
0.020288
0.020636
0.020953
0.021281
0.021619
0.021959
0.022300
0.022613
0.022941
0.023259
0.023591
0.023909
0.024264
0.024592
0.025881
0.025251
0.025554
0.025887
0.026251
0.026575
0.026883
0.027221
0.027783
0.027902
0.028211
0.028544
0.030461
0.029247
0.029585
0.029908
0.033946
0.030683
0.030982
0.031312
0.031684
0.032057
0.032307
0.032677
0.034367
0.033374
0.033717
0.033977
0.034337
0.036712
0.035061
0.035310
0.038394
0.036051
0.036335
0.036672
0.039374
0.037439
0.037777
0.038094
0.038542
0.038802
0.039100
0.039429
0.039804
0.008519
0.007147
0.009156
0.007786
0.008090
0.008465
0.008797
0.009098
0.009468
0.009786
0.010129
0.010463
0.010786
0.011089
0.011422
0.011792
0.012099
0.012421
0.012753
0.013080
0.013489
0.013784
0.014122
0.014553
0.014796
0.015115
0.015454
0.015797
0.016123
0.016417
0.024896
0.017208
0.017551
0.017892
0.018197
0.018548
0.018899
0.019190
0.020891
0.019864
0.020177
0.020510
0.022807
0.021317
0.021623
0.021943
0.022837
0.022666
0.023119
0.023436
0.023782
0.024060
0.024364
0.024722
0.025114
0.025467
0.025772
0.026101
0.026471
0.026797
0.027103
0.027408
0.027757
0.028072
0.028454
0.028786
0.029084
0.029443
0.029779
0.030084
0.030436
0.030760
0.031108
0.031463
0.031744
0.032067
0.032410
0.032759
0.033091
0.033395
0.033756
0.034086
0.034456
0.034760
0.035092
0.035424
0.035740
0.036130
0.036413
0.036765
0.037082
0.037386
0.037752
0.038094
0.038460
0.038765
0.039082
0.039387
0.039768
0.007010
0.007313
0.007451
0.007725
0.008091
0.008426
0.008765
0.009070
0.009427
0.009738
0.010043
0.010418
0.010748
0.011117
0.011417
0.011767
0.012085
0.012387
0.012756
0.013068
0.013403
0.013717
0.014033
0.014415
0.015298
0.015166
0.015495
0.015825
0.016165
0.016474
0.016804
0.017166
0.017554
0.017757
0.018149
0.018493
0.018838
0.019178
0.019493
0.019850
0.020166
0.020503
0.020834
0.021151
0.021495
0.021816
0.022171
0.022521
0.022826
0.023289
0.023506
0.023817
0.024193
0.024596
0.024890
0.025237
0.025593
0.025862
0.026581
0.026567
0.026892
0.027430
0.027689
0.028067
0.028423
0.028706
0.029108
0.029415
0.029703
0.030005
0.030389
0.030724
0.030959
0.031263
0.031743
0.032052
0.032352
0.032778
0.033185
0.033522
0.033880
0.034257
0.034621
0.035050
0.035365
0.035673
0.036042
0.036388
0.036698
0.037002
0.037379
0.037689
0.037994
0.038393
0.038712
0.039029
0.039332
0.039703
-0.024166
-0.026177
-0.025847
-0.025440
-0.024805
-0.024649
-0.024326
-0.024018
-0.023653
-0.023348
-0.022980
-0.022656
-0.022322
-0.021984
-0.021666
-0.021361
-0.021025
-0.020648
-0.020327
-0.019999
-0.019669
-0.019333
-0.018944
-0.018552
-0.018234
-0.017937
-0.017468
-0.017125
-0.016729
-0.016398
-0.016064
-0.015736
-0.015417
-0.014637
-0.014829
-0.014485
-0.014133
-0.013746
-0.013371
-0.013031
-0.012663
-0.012326
-0.012004
-0.011702
-0.011320
-0.011000
-0.010663
-0.010233
-0.009867
-0.009482
-0.009160
-0.008775
-0.008143
-0.008141
-0.007743
-0.007299
-0.007036
-0.006608
-0.006217
-0.005932
-0.005579
-0.005240
-0.004912
-0.004593
-0.004133
-0.003767
-0.003449
-0.002975
-0.002770
-0.002398
-0.002091
-0.001765
-0.001437
-0.001179
-0.000751
-0.000358
-0.000035
0.000382
0.000726
0.001058
0.001411
0.001750
0.002124
0.002506
0.003247
0.003881
0.003567
0.003900
0.004307
0.004648
0.004971
0.005502
0.007505
0.007547
0.006582
0.006842
0.007170
0.007599
0.007878
0.008228
0.008615
0.008942
0.009218
0.009446
0.009791
0.009961
0.009977
0.009983
0.009938
0.009910
0.009913
0.009907
0.009886
0.009866
0.009853
0.009833
0.009815
0.009807
0.009785
0.009815
0.010109
0.009763
0.009763
0.009695
0.009708
0.009688
0.009616
0.009589
0.009583
0.009570
0.009534
0.009533
0.009509
0.009537
0.009475
0.009448
0.009428
0.009398
0.009382
0.009418
0.009400
0.009418
0.009335
0.009370
0.009320
0.009309
0.009298
0.009292
0.009251
0.009231
0.009220
0.009194
0.009192
0.009173
0.009481
0.009177
0.009118
0.009136
0.009077
0.009054
0.009036
0.009033
0.009001
0.008999
0.008919
0.008699
0.008433
0.008447
0.007991
0.008207
0.007234
0.006826
0.006402
0.006253
0.005231
0.004557
0.003671
0.002835
0.002306
0.001584
0.001014
0.000481
-0.000122
-0.000555
-0.000995
-0.001268
-0.001511
-0.001655
-0.001689
-0.001762
-0.001777
-0.001817
-0.001837
-0.001835
-0.001878
-0.001831
-0.001850
-0.001937
-0.001957
-0.001916
-0.001938
-0.002001
-0.001974
-0.002025
-0.002082
-0.002053
-0.002068
-0.002117
-0.002097
-0.002133
-0.002157
-0.002180
-0.002175
-0.002201
-0.002199
-0.002240
-0.002257
-0.002236
-0.002212
-0.002240
-0.002272
-0.002219
-0.002268
-0.002269
-0.002282
-0.002253
-0.002194
-0.002130
-0.001924
-0.001694
-0.001420
-0.001111
-0.000755
-0.000436
-0.000133
0.000230
0.000575
0.000906
0.001354
0.001684
0.002014
0.002375
0.002690
0.003015
0.003326
0.003639
0.003972
0.004310
0.004641
0.004994
0.005324
0.005678
0.005982
0.006340
0.006645
0.006971
0.007310
0.007651
0.007964
0.008306
0.008615
0.009032
0.009416
0.011252
0.010109
0.010984
0.010934
0.011704
0.011579
0.012854
0.012105
0.013706
0.012776
0.014370
0.013430
0.014619
0.014150
0.014459
0.014869
0.015042
0.015650
0.015718
0.016694
0.016627
0.016711
0.017030
0.017491
0.024396
0.018461
0.018465
0.019638
0.019336
0.019344
0.020294
0.020190
0.020373
0.020709
0.021110
0.021373
0.032401
0.022045
0.022398
0.022808
0.023109
0.023485
0.023786
0.024278
0.024478
0.024846
0.025224
0.032250
0.025932
0.027579
0.026649
0.027025
0.027496
0.032351
0.028172
0.028470
0.028821
0.029125
0.029481
0.029880
0.031003
0.030494
0.036952
0.031271
0.031579
0.031923
0.032320
0.032683
0.033004
0.033703
0.033726
0.034098
0.034461
0.034746
0.035102
0.035365
0.043143
0.011666
0.003068
0.003509
0.003802
0.004167
0.004481
0.012927
0.005238
0.005573
0.005903
0.006267
0.006603
0.006938
0.007275
0.007620
0.007961
0.008333
0.008696
0.009049
0.009413
0.009763
0.011060
0.010364
0.010659
0.011581
0.011414
0.011655
0.011979
0.012325
0.012642
0.013002
0.013319
0.019236
0.014136
0.014473
0.014781
0.015209
0.015475
0.015815
0.016120
0.016554
0.016796
0.017114
0.017455
0.017873
0.018108
0.018460
0.018970
0.019213
0.019541
0.019903
0.020232
0.020590
0.020911
0.021235
0.021548
0.021886
0.023469
0.022554
0.023476
0.023334
0.027792
0.024043
0.024377
0.024788
0.025121
0.025422
0.025808
0.026112
0.026449
0.026815
0.027100
0.027408
0.027770
0.030920
0.028550
0.036916
0.029295
0.029664
0.030040
0.030331
0.030618
0.030976
0.031608
0.031737
0.032108
0.032440
0.032756
0.033115
0.042888
0.004577
0.000953
0.001742
0.002250
0.002065
0.002286
0.002624
0.003698
0.003437
0.003756
0.005457
0.004440
0.011515
0.005188
0.005520
0.005855
0.006243
0.006631
0.006954
0.007319
0.009480
0.007993
0.009390
0.008719
0.009087
0.009421
0.009724
0.010082
0.010408
0.010710
0.011059
0.011363
0.011744
0.012059
0.012367
0.012747
0.013040
0.013407
0.013749
0.014074
0.014410
0.014738
0.015065
0.015369
0.015797
0.021632
0.016514
0.016848
0.017186
0.017496
0.017826
0.018170
0.018504
0.018844
0.019171
0.019487
0.019751
0.020148
0.020473
0.025171
0.021269
0.021618
0.021952
0.022219
0.022572
0.022920
0.023240
0.023569
0.023958
0.024243
0.024558
0.024906
0.025224
0.031243
0.025977
0.026339
0.026645
0.027005
0.027682
0.027763
0.037498
0.028463
0.029628
0.029181
0.030825
0.029805
0.030144
0.030447
0.033862
0.031138
0.031470
0.031941
0.033392
0.032711
0.033091
0.033394
0.033699
0.034041
0.034352
0.034656
0.035025
0.035378
0.035696
0.036000
0.036414
0.036694
0.037054
0.037357
0.037701
0.038009
0.038441
0.042263
0.005794
0.006115
0.006472
0.006792
0.007103
0.007450
0.007767
0.008100
0.008470
0.010613
0.009132
0.009479
0.009875
0.010669
0.010544
0.011099
0.011351
0.011672
0.012019
0.012303
0.014141
0.013106
0.013499
0.013869
0.014226
0.014538
0.014938
0.015997
0.015627
0.016042
0.016328
0.016632
0.017026
0.017331
0.017649
0.018012
0.018338
0.018652
0.019006
0.019585
0.019661
0.020002
0.020334
0.020650
0.020954
0.021296
0.021662
0.022061
0.022439
0.022742
0.023073
0.023444
0.023751
0.024069
0.024411
0.024738
0.025060
0.025474
0.025866
0.026286
0.026551
0.026853
0.027207
0.027489
0.027817
0.028882
0.028498
0.028826
0.029191
0.031107
0.029897
0.031184
0.030638
0.030985
0.031288
0.031661
0.031965
0.032277
0.032614
0.032970
0.033297
0.033617
0.033920
0.034279
0.034621
0.035028
0.035296
0.035633
0.035938
0.031003
0.010177
0.003584
0.003858
0.004147
0.007236
0.004638
0.004886
0.005137
0.005339
0.012257
0.005894
0.006154
0.006387
0.006550
0.006764
0.007052
0.007324
0.007656
0.007978
0.008329
0.015360
0.009031
0.010809
0.009695
0.011218
0.010340
0.010626
0.010901
0.011156
0.011449
0.011682
0.011924
0.012266
0.013986
0.012921
0.018084
0.013611
0.013851
0.014167
0.014415
0.014727
0.014946
0.015240
0.018382
0.015966
0.017158
0.016563
0.016799
0.017148
0.017913
0.017833
0.018107
0.018444
0.018681
0.018969
0.019335
0.019611
0.027889
0.020216
0.020486
0.020729
0.021032
0.021303
0.021542
0.021859
0.022108
0.025228
0.022840
0.023072
0.023341
0.023560
0.023843
0.024033
0.024332
0.024548
0.024862
0.025111
0.025399
0.025719
0.026081
0.026773
0.026723
0.027096
0.027272
0.027497
0.027805
0.028040
0.028329
0.028591
0.028867
0.029230
0.029625
0.029735
0.030022
0.030267
0.030585
0.031072
0.031428
0.032532
0.031774
0.031883
0.032182
0.032456
0.032778
0.033096
0.033428
0.033767
0.034061
0.034287
0.034659
0.035080
0.035282
0.035626
0.035905
0.036240
0.036524
0.036768
0.037110
0.037324
0.037649
0.037976
0.038292
0.038608
0.038886
0.039351
0.039531
0.039795
0.006736
-0.026258
-0.026234
-0.026235
-0.026268
-0.026036
-0.026274
-0.026252
-0.026239
-0.026348
-0.026333
-0.026368
-0.026378
-0.026364
-0.026332
-0.026418
-0.021482
-0.026341
-0.026456
-0.026443
-0.026308
-0.026558
-0.026527
-0.026539
-0.026527
-0.026547
-0.026574
-0.026579
-0.026593
-0.026720
-0.026630
-0.026651
-0.026685
-0.026707
-0.026730
-0.026742
-0.026788
-0.026799
-0.026839
-0.026860
-0.026839
-0.026849
-0.026775
-0.026880
-0.026904
-0.026933
-0.026904
-0.026957
-0.026988
-0.027008
-0.026987
-0.027034
-0.027041
-0.027046
-0.027109
-0.027121
-0.027139
-0.027128
-0.027184
-0.027204
-0.027154
-0.027163
-0.027253
-0.027273
-0.027235
-0.027245
-0.027277
-0.027290
-0.027314
-0.027342
-0.027337
-0.027358
-0.027401
-0.027412
-0.027417
-0.027441
-0.027401
-0.027440
-0.027451
-0.027438
-0.027497
-0.027520
-0.027549
-0.027560
-0.027126
-0.027542
-0.027574
-0.027560
-0.027544
-0.027583
-0.027622
-0.027616
-0.027641
-0.024989
-0.027706
-0.027527
-0.027760
-0.027775
-0.027784
-0.027794
-0.027790
-0.027847
-0.027851
-0.027852
-0.027868
-0.026225
-0.027919
-0.027928
-0.027957
-0.027979
-0.028006
-0.025323
-0.028044
-0.028065
-0.028101
-0.027310
-0.028143
-0.028152
-0.028161
-0.028206
-0.028185
-0.028253
-0.028298
-0.025588
-0.028273
-0.028317
-0.028303
-0.028368
-0.028378
-0.028397
-0.028417
-0.028390
-0.028409
-0.028433
-0.028516
-0.028525
-0.028510
-0.028491
-0.028526
-0.028553
-0.028505
-0.028601
-0.028622
-0.028636
-0.028673
-0.028681
-0.028692
-0.028660
-0.028698
-0.028720
-0.028686
-0.028714
-0.028758
-0.028740
-0.028738
-0.028812
-0.028836
-0.028852
-0.028862
-0.028849
-0.028841
-0.028848
-0.028876
-0.028870
-0.028892
-0.028898
-0.028924
-0.028887
-0.028941
-0.028929
-0.028531
-0.028551
-0.028997
-0.029043
-0.029053
-0.029030
-0.029051
-0.029087
-0.029124
-0.029155
-0.029163
-0.029164
-0.029073
-0.029082
-0.029252
-0.029291
-0.029201
-0.029214
-0.029302
-0.029343
-0.029290
-0.029388
-0.029409
-0.029379
-0.029417
-0.029465
-0.029475
-0.029451
-0.029464
-0.029476
-0.029506
-0.029496
-0.025528
-0.029585
-0.029615
-0.029608
-0.029613
-0.029640
-0.029637
-0.029679
-0.029677
-0.029698
-0.029738
-0.029777
-0.029778
-0.029822
-0.029833
-0.029856
-0.029877
-0.029917
-0.029924
-0.029964
-0.029974
-0.030007
-0.029998
-0.030037
-0.029837
-0.030030
-0.030090
-0.030042
-0.030059
-0.030140
-0.026100
-0.030157
-0.030126
-0.030141
-0.030203
-0.030250
-0.030239
-0.030299
-0.029847
-0.030284
-0.030351
-0.030362
-0.030373
-0.030395
-0.030364
-0.030451
-0.030462
-0.030443
-0.030468
-0.030508
-0.030518
-0.030526
-0.030464
-0.030485
-0.030554
-0.030543
-0.030555
-0.023908
-0.030623
-0.028110
-0.030640
-0.030688
-0.030671
-0.030698
-0.030697
-0.030732
-0.030778
-0.030766
-0.030793
-0.030811
-0.030808
-0.030844
-0.030840
-0.030629
-0.030909
-0.030884
-0.030956
-0.030919
-0.030992
-0.025636
-0.030995
-0.030990
-0.030998
-0.029266
-0.030986
-0.030925
-0.031055
-0.031081
-0.031112
-0.031148
-0.031137
-0.031180
-0.031202
-0.031230
-0.023216
-0.031269
-0.031255
-0.031286
-0.031262
-0.031321
-0.031320
-0.031339
-0.030860
-0.031369
-0.031433
-0.031393
-0.031374
-0.031406
-0.031390
-0.031432
-0.031482
-0.031517
-0.031540
-0.031615
-0.031578
-0.031598
-0.031600
-0.031623
-0.031535
-0.031644
-0.031673
-0.031710
-0.031719
-0.031738
-0.031786
-0.031807
-0.031741
-0.031752
-0.031778
-0.031837
-0.031844
-0.031896
-0.031896
-0.031924
-0.031927
-0.031929
-0.031899
-0.030986
-0.031963
-0.031958
-0.031979
-0.032053
-0.032063
-0.032022
-0.032044
-0.032099
-0.029827
-0.032170
-0.032206
-0.032269
-0.032242
-0.032270
-0.031622
-0.032283
-0.030660
-0.032323
-0.032278
-0.032336
-0.032345
-0.032330
-0.032304
-0.032350
-0.032315
-0.032336
-0.032462
-0.032486
-0.032467
-0.021815
-0.032469
-0.032537
-0.032546
-0.032592
-0.032530
-0.032595
-0.032667
-0.032678
-0.032660
-0.032725
-0.032753
-0.032767
-0.032789
-0.032827
-0.032848
-0.032862
-0.032863
-0.032905
-0.032938
-0.032961
-0.033006
-0.033036
-0.033049
-0.032913
-0.032933
-0.030820
-0.033030
-0.032895
-0.033129
-0.033158
-0.033239
-0.033103
-0.033181
-0.033192
-0.033175
-0.033266
-0.033304
-0.033259
-0.033336
-0.033292
-0.033315
-0.032627
-0.033390
-0.033369
-0.033455
-0.033206
-0.033342
-0.033443
-0.033455
-0.033443
-0.033445
-0.033506
-0.033538
-0.033503
-0.033611
-0.033638
-0.033659
-0.033686
-0.033710
-0.033644
-0.033093
-0.033687
-0.033739
-0.033790
-0.033817
-0.033822
-0.033841
-0.033846
-0.033879
-0.033890
-0.033912
-0.033949
-0.033976
-0.033980
-0.034002
-0.034030
-0.034045
-0.034049
-0.034070
-0.034066
-0.034118
-0.034114
-0.034171
-0.034185
-0.034213
-0.034245
-0.034258
-0.034291
-0.034287
-0.026270
-0.034315
-0.034346
-0.034344
-0.033996
-0.034359
-0.034370
-0.034385
-0.034417
-0.034423
-0.034468
-0.034449
-0.034475
-0.034494
-0.034500
-0.034510
-0.034540
-0.034548
-0.030486
-0.034577
-0.034604
-0.033419
-0.034574
-0.034518
-0.034661
-0.034688
-0.033399
-0.034652
-0.028068
-0.034750
-0.034370
-0.034744
-0.031856
-0.034789
-0.034834
-0.034847
-0.034851
-0.034870
-0.034871
-0.034882
-0.034860
-0.034970
-0.035003
-0.035008
-0.035042
-0.034595
-0.035079
-0.035097
-0.035061
-0.035126
-0.035160
-0.035115
-0.035190
-0.035216
-0.035185
-0.035236
-0.035213
-0.035218
-0.035242
-0.035288
-0.035268
-0.035294
-0.035324
-0.035363
-0.035375
-0.035402
-0.035426
-0.035434
-0.035474
-0.035472
-0.035480
-0.035504
-0.035537
-0.035096
-0.035555
-0.035518
-0.035577
-0.035588
-0.035583
-0.035609
-0.035658
-0.035513
-0.035533
-0.035696
-0.035712
-0.035722
-0.035766
-0.035822
-0.035800
-0.035724
-0.035830
-0.035856
-0.035866
-0.035872
-0.035923
-0.033854
-0.035921
-0.034796
-0.035944
-0.027909
-0.035990
-0.036081
-0.036098
-0.035240
-0.036051
-0.035502
-0.036082
-0.036046
-0.036147
-0.036195
-0.036216
-0.036191
-0.036257
-0.036286
-0.036325
-0.036346
-0.036299
-0.026644
-0.036298
-0.036393
-0.036414
-0.036421
-0.036456
-0.036476
-0.036419
-0.036379
-0.036533
-0.036578
-0.036590
-0.036557
-0.036583
-0.036605
-0.036627
-0.036664
-0.036241
-0.036251
-0.036727
-0.036748
-0.036762
-0.036790
-0.036811
-0.036805
-0.036816
-0.036851
-0.036871
-0.036819
-0.036876
-0.036915
-0.036927
-0.036959
-0.036978
-0.036963
-0.036894
-0.037085
-0.037066
-0.037111
-0.037164
-0.037169
-0.036923
-0.037204
-0.035755
-0.037107
-0.037256
-0.037258
-0.037306
-0.037327
-0.037301
-0.037311
-0.037350
-0.037323
-0.037409
-0.037422
-0.037474
-0.037455
-0.037456
-0.037520
-0.037539
-0.037565
-0.037574
-0.037599
-0.037614
-0.037623
-0.037643
-0.037666
-0.037616
-0.037683
-0.037672
-0.037230
-0.037713
-0.037741
-0.037749
-0.037753
-0.037864
-0.037776
-0.037818
-0.037860
-0.037852
-0.037881
-0.037925
-0.037945
-0.037905
-0.037965
-0.037982
-0.038017
-0.037977
-0.032694
-0.038016
-0.038073
-0.038038
-0.038097
-0.038107
-0.038104
-0.038086
-0.038130
-0.038178
-0.038221
-0.038217
-0.038227
-0.038230
-0.038253
-0.038244
-0.038292
-0.038335
-0.038345
-0.038386
-0.038374
-0.038405
-0.038429
-0.038442
-0.038467
-0.038470
-0.038456
-0.038434
-0.038535
-0.038547
-0.026947
-0.038508
-0.038596
-0.038606
-0.038624
-0.038555
-0.038545
-0.038629
-0.038643
-0.038618
-0.038721
-0.038667
-0.038395
-0.038717
-0.038742
-0.038809
-0.038807
-0.038827
-0.038858
-0.038863
-0.038853
-0.038889
-0.038900
-0.038954
-0.038985
-0.032692
-0.039003
-0.037378
-0.039055
-0.039048
-0.039069
-0.039126
-0.039126
-0.039167
-0.039194
-0.039233
-0.039196
-0.039283
-0.039244
-0.039278
-0.039236
-0.037650
-0.039273
-0.039312
-0.039283
-0.039372
-0.039322
-0.039371
-0.039348
-0.039355
-0.039375
-0.039406
-0.039431
-0.039426
-0.039436
-0.039487
-0.039515
-0.039580
-0.039571
-0.039612
-0.039622
-0.039588
-0.039622
-0.039619
-0.039629
-0.039669
-0.039690
-0.039724
-0.039735
-0.039789
-0.039809
-0.039805
-0.039816
-0.039775
-0.039817
-0.039832
-0.039804
-0.039849
-0.039854
-0.039845
-0.039899
-0.033238
-0.039870
-0.039953
-0.039963
-0.039977
-0.040029
-0.040040
0.002008
-0.006732
-0.006739
-0.006768
-0.006797
-0.006820
-0.006827
-0.006843
-0.006846
-0.006886
-0.006891
-0.006872
-0.006873
-0.006882
-0.006891
-0.006901
-0.006925
-0.006952
-0.006961
-0.007007
-0.007032
-0.007043
-0.007046
-0.007020
-0.007063
-0.007048
-0.007104
-0.007056
-0.007129
-0.007068
-0.007169
-0.007189
-0.007140
-0.007210
-0.007266
-0.007240
-0.007238
-0.001895
-0.007255
-0.007299
-0.007269
-0.007168
-0.007299
-0.007336
-0.007357
-0.007384
-0.007439
-0.007460
-0.007453
-0.007460
-0.007480
-0.007434
-0.007463
-0.007530
-0.007526
-0.007518
-0.007575
-0.007606
-0.007618
-0.007635
-0.007663
-0.007661
-0.007665
-0.007678
-0.007682
-0.007726
-0.007748
-0.007773
-0.007784
-0.007801
-0.007821
-0.007833
-0.007844
-0.007847
-0.007868
-0.007857
-0.007245
-0.007244
-0.007899
-0.007951
-0.007911
-0.007933
-0.007997
-0.007984
-0.006661
-0.008017
-0.008037
-0.008049
-0.008072
-0.008106
-0.008117
-0.008117
-0.008156
-0.008168
-0.008185
-0.008210
-0.008199
-0.008244
-0.008260
-0.008273
-0.008287
-0.008297
-0.008317
-0.008336
-0.008310
-0.008348
-0.008400
-0.008411
-0.008374
-0.008396
-0.008454
-0.008495
-0.008541
-0.008567
-0.008538
-0.008597
-0.008559
-0.007244
-0.008593
-0.008625
-0.008686
-0.008663
-0.008706
-0.008706
-0.008723
-0.008821
-0.007649
-0.008750
-0.008808
-0.008840
-0.008810
-0.008820
-0.008845
-0.008868
-0.008875
-0.008857
-0.003522
-0.008864
-0.008881
-0.008795
-0.008925
-0.008903
-0.008763
-0.008912
-0.008959
-0.008978
-0.008964
-0.009003
-0.009017
-0.009063
-0.009064
-0.009115
-0.009150
-0.009119
-0.009135
-0.008725
-0.009183
-0.009210
-0.009226
-0.009275
-0.009250
-0.009310
-0.008420
-0.009319
-0.009295
-0.009347
-0.008033
-0.009356
-0.008821
-0.009402
-0.009442
-0.009416
-0.009457
-0.008342
-0.009448
-0.009511
-0.009517
-0.009557
-0.009567
-0.009601
-0.005598
-0.009639
-0.009604
-0.009619
-0.009708
-0.009705
-0.009751
-0.009736
-0.009739
-0.009777
-0.009793
-0.009782
-0.009781
-0.009806
-0.007965
-0.009798
-0.009822
-0.009781
-0.009904
-0.009914
-0.009877
-0.009899
-0.009958
-0.009967
-0.009975
-0.009965
-0.010025
-0.010035
-0.009897
-0.010002
-0.009959
-0.009979
-0.010022
-0.010078
-0.010104
-0.010107
-0.010112
-0.010174
-0.010197
-0.010195
-0.010187
-0.010252
-0.010263
-0.010275
-0.010198
-0.010259
-0.010311
-0.010305
-0.010283
-0.010274
-0.010350
-0.010358
-0.010329
-0.010400
-0.010441
-0.010509
-0.010429
-0.010447
-0.010502
-0.010522
-0.010484
-0.010525
-0.010518
-0.009548
-0.010500
-0.010614
-0.010631
-0.010652
-0.010601
-0.010642
-0.010679
-0.010691
-0.010712
-0.009943
-0.010768
-0.010783
-0.010759
-0.008801
-0.010782
-0.010831
-0.010855
-0.010885
-0.010825
-0.009777
-0.010866
-0.010924
-0.010961
-0.010953
-0.010889
-0.010789
-0.010632
-0.009774
-0.011029
-0.011060
-0.011050
-0.011084
-0.011128
-0.010976
-0.011188
-0.011211
-0.011234
-0.011342
-0.009934
-0.011277
-0.011319
-0.011370
-0.010334
-0.011318
-0.011421
-0.011431
-0.011333
-0.011332
-0.011364
-0.011370
-0.011398
-0.011417
-0.011502
-0.011513
-0.011496
-0.011184
-0.011536
-0.011554
-0.011557
-0.011290
-0.011595
-0.011609
-0.011636
-0.011666
-0.011663
-0.011672
-0.011693
-0.011701
-0.011741
-0.011746
-0.011768
-0.011488
-0.011729
-0.010384
-0.011722
-0.011389
-0.011747
-0.011763
-0.011765
-0.011738
-0.011759
-0.011776
-0.011786
-0.011805
-0.011814
-0.011800
-0.011806
-0.011820
-0.011821
-0.011863
-0.011828
-0.011866
-0.011935
-0.011933
-0.011954
-0.011974
-0.011996
-0.011983
-0.012010
-0.012036
-0.012035
-0.012092
-0.012112
-0.012075
-0.012111
-0.012130
-0.012161
-0.012150
-0.012172
-0.012236
-0.012202
-0.012219
-0.012253
-0.012289
-0.012311
-0.012276
-0.012351
-0.012337
-0.012326
-0.012332
-0.012331
-0.012272
-0.012362
-0.012428
-0.012441
-0.012429
-0.012450
-0.012460
-0.012458
-0.012478
-0.012435
-0.012483
-0.012495
-0.012507
-0.012531
-0.012552
-0.012572
-0.012561
-0.012584
-0.012594
-0.012629
-0.012728
-0.012750
-0.012688
-0.012697
-0.012732
-0.012663
-0.012768
-0.012746
-0.012772
-0.012760
-0.012814
-0.012874
-0.012894
-0.012819
-0.012796
-0.012878
-0.012900
-0.002417
-0.012842
-0.012869
-0.012886
-0.012900
-0.012923
-0.012964
-0.012971
-0.013029
-0.013039
-0.013062
-0.013082
-0.013043
-0.013093
-0.013143
-0.013205
-0.013168
-0.013177
-0.013202
-0.013223
-0.013226
-0.013238
-0.013200
-0.013241
-0.013277
-0.013297
-0.013301
-0.013312
-0.013294
-0.010754
-0.013378
-0.013406
-0.013083
-0.013423
-0.013163
-0.013456
-0.013386
-0.012299
-0.013342
-0.013462
-0.013478
-0.013525
-0.013546
-0.013402
-0.013551
-0.013591
-0.013705
-0.013599
-0.013620
-0.013683
-0.013706
-0.013728
-0.013746
-0.013776
-0.013765
-0.013803
-0.012469
-0.013848
-0.013249
-0.013863
-0.013890
-0.013898
-0.013936
-0.013927
-0.013969
-0.013951
-0.013993
-0.013911
-0.013960
-0.013968
-0.014044
-0.014020
-0.014062
-0.014033
-0.014086
-0.014106
-0.014116
-0.014114
-0.014097
-0.014117
-0.014143
-0.014183
-0.014153
-0.014198
-0.014236
-0.014219
-0.014262
-0.007976
-0.014320
-0.014296
-0.014301
-0.014347
-0.014370
-0.013353
-0.013906
-0.014394
-0.014397
-0.014395
-0.014440
-0.014450
-0.014496
-0.014537
-0.014597
-0.014527
-0.013868
-0.014552
-0.014540
-0.014520
-0.014669
-0.014674
-0.014655
-0.014605
-0.014606
-0.014683
-0.014676
-0.014739
-0.014741
-0.014799
-0.014762
-0.014730
-0.014815
-0.014747
-0.014497
-0.014819
-0.013393
-0.014859
-0.014937
-0.014882
-0.014917
-0.014937
-0.014985
-0.014944
-0.015033
-0.015004
-0.015074
-0.015095
-0.015083
-0.014166
-0.015099
-0.015109
-0.015133
-0.015152
-0.015165
-0.015174
-0.015154
-0.015160
-0.015182
-0.015204
-0.015209
-0.015221
-0.015225
-0.015246
-0.015218
-0.015208
-0.015112
-0.015247
-0.015314
-0.015336
-0.015330
-0.015330
-0.015386
-0.015396
-0.015356
-0.008734
-0.015433
-0.015480
-0.015475
-0.015515
-0.015523
-0.015504
-0.015547
-0.015395
-0.015549
-0.015579
-0.015579
-0.015643
-0.015599
-0.015655
-0.015670
-0.015720
-0.015663
-0.014375
-0.015749
-0.014958
-0.015793
-0.013646
-0.015759
-0.015755
-0.015796
-0.015819
-0.015860
-0.015894
-0.015784
-0.015922
-0.015997
-0.015922
-0.015646
-0.015939
-0.015960
-0.015981
-0.015956
-0.016023
-0.016037
-0.016038
-0.016031
-0.016068
-0.016053
-0.016064
-0.016144
-0.016131
-0.016178
-0.015167
-0.016156
-0.016222
-0.015022
-0.016189
-0.016261
-0.015224
-0.016279
-0.016324
-0.016027
-0.016338
-0.016309
-0.016305
-0.016372
-0.016371
-0.016344
-0.016369
-0.016043
-0.016453
-0.016434
-0.016529
-0.015169
-0.016450
-0.016522
-0.016540
-0.016346
-0.016491
-0.016558
-0.016557
-0.016590
-0.016606
-0.016657
-0.016568
-0.016675
-0.016719
-0.016723
-0.016323
-0.016681
-0.016690
-0.016710
-0.016694
-0.016740
-0.016783
-0.016750
-0.016663
-0.016801
-0.016850
-0.016860
-0.016829
-0.016837
-0.016841
-0.016851
-0.016801
-0.016821
-0.016885
-0.016904
-0.016887
-0.016918
-0.016950
-0.017015
-0.017019
-0.016347
-0.017049
-0.016987
-0.017024
-0.017049
-0.017096
-0.017124
-0.017112
-0.017134
-0.017156
-0.017184
-0.017193
-0.017258
-0.017218
-0.017199
-0.017241
-0.017281
-0.017264
-0.017281
-0.017292
-0.017370
-0.017374
-0.017393
-0.017417
-0.017425
-0.017484
-0.017503
-0.017475
-0.017504
-0.017480
-0.017544
-0.017542
-0.017626
-0.017620
-0.017581
-0.017659
-0.017676
-0.017679
-0.017694
-0.017693
-0.017664
-0.017705
-0.017799
-0.017748
-0.017795
-0.017789
-0.017818
-0.017862
-0.017886
-0.017845
-0.017846
-0.017927
-0.017949
-0.017970
-0.017993
-0.018002
-0.018040
-0.018046
-0.016056
-0.018012
-0.017721
-0.018094
-0.018122
-0.018131
-0.018155
-0.018137
-0.018137
-0.018200
-0.018214
-0.018240
-0.018293
-0.018314
-0.018326
-0.018363
-0.018374
-0.018365
-0.018394
-0.018404
-0.018404
-0.018425
-0.018371
-0.018447
-0.018444
-0.018460
-0.018501
-0.018521
-0.018605
-0.018617
-0.018576
-0.018588
-0.018606
-0.018616
-0.018622
-0.013298
-0.018689
-0.017922
-0.018738
-0.018778
-0.018796
-0.018804
-0.018786
-0.018835
-0.018814
-0.018859
-0.018859
-0.018896
-0.018921
-0.018895
-0.018907
-0.018959
-0.018983
-0.017708
-0.018904
-0.018970
-0.019021
-0.019027
-0.018994
-0.019080
-0.019085
-0.019139
-0.019105
-0.019165
-0.019185
-0.018181
-0.019218
-0.019236
-0.019264
-0.019298
-0.019314
-0.019215
-0.019354
-0.019358
-0.019367
-0.019357
-0.019369
-0.019422
-0.019419
-0.019442
-0.019478
-0.019489
-0.019526
-0.019521
-0.019564
-0.019550
-0.019529
-0.019620
-0.019604
-0.019653
-0.019663
-0.019696
-0.019715
-0.019709
-0.019764
-0.019760
-0.019770
-0.019794
-0.019805
-0.015800
-0.019792
-0.019853
-0.019864
-0.019771
-0.019838
-0.019903
-0.019942
-0.019953
-0.019928
-0.019885
-0.019874
-0.019930
-0.019919
-0.019919
-0.019940
-0.019984
-0.019978
-0.020037
-0.020058
-0.019721
-0.020154
-0.020113
-0.020130
-0.020161
-0.020177
-0.020009
-0.020223
-0.020225
-0.020250
-0.020269
-0.014913
-0.020281
-0.020311
-0.020308
-0.020307
-0.020364
-0.020359
-0.020357
-0.020260
-0.020342
-0.020407
-0.020399
-0.020448
-0.020470
-0.020434
-0.020465
-0.020504
-0.020514
-0.020468
-0.020580
-0.020600
-0.020537
-0.020604
-0.020615
-0.020617
-0.020621
-0.020665
-0.020683
-0.020706
-0.020682
-0.020726
-0.020724
-0.020773
-0.020776
-0.020821
-0.020821
-0.020859
-0.020908
-0.020919
-0.020946
-0.020953
-0.020972
-0.020981
-0.021020
-0.021000
-0.021021
-0.021080
-0.021115
-0.020947
-0.021152
-0.021143
-0.021159
-0.019698
-0.021188
-0.021199
-0.021184
-0.021171
-0.021213
-0.021204
-0.020766
-0.021261
-0.021304
-0.021324
-0.021338
-0.021349
-0.021369
-0.021179
-0.021417
-0.021426
-0.021448
-0.021472
-0.021466
-0.021495
-0.021503
-0.021560
-0.021552
-0.021521
-0.021597
-0.021604
-0.021614
-0.021616
-0.021616
-0.021625
-0.021575
-0.021701
-0.021722
-0.021715
-0.021735
-0.020413
-0.021817
-0.021825
-0.021833
-0.021851
-0.021891
-0.021882
-0.021919
-0.021897
-0.021944
-0.022036
-0.021982
-0.021998
-0.022011
-0.022021
-0.022076
-0.022053
-0.022105
-0.022106
-0.022145
-0.022151
-0.022192
-0.022192
-0.022218
-0.022210
-0.022249
-0.022251
-0.022268
-0.022299
-0.022332
-0.022275
-0.022008
-0.022357
-0.022350
-0.022374
-0.022417
-0.022434
-0.019717
-0.022360
-0.022461
-0.022459
-0.022447
-0.022495
-0.011799
-0.022491
-0.022531
-0.022531
-0.022480
-0.022538
-0.022541
-0.022608
-0.022600
-0.021496
-0.022603
-0.022623
-0.022683
-0.022704
-0.022709
-0.017404
-0.022780
-0.022827
-0.022784
-0.022847
-0.022821
-0.022852
-0.022874
-0.022892
-0.022902
-0.022921
-0.022893
-0.022909
-0.022933
-0.022933
-0.022946
-0.014977
-0.022968
-0.022952
-0.023061
-0.023054
-0.023115
-0.023127
-0.023130
-0.023153
-0.019946
-0.023172
-0.023187
-0.014087
-0.023165
-0.023168
-0.023174
-0.014458
-0.023222
-0.023300
-0.023319
-0.023346
-0.023381
-0.023387
-0.023338
-0.023228
-0.023421
-0.023424
-0.023475
-0.020971
-0.023572
-0.023947
0.205706
1.558073
1.821950
2.484777
2.771461
-0.033894
-0.036999
-0.040360
-0.043090
-0.012855
-0.015734
-0.018153
-0.020762
-0.023295
-0.025593
-0.027779
-0.029736
-0.031896
-0.033857
-0.035674
-0.037344
-0.038892
-0.040356
-0.041603
-0.009661
-0.010690
-0.011799
-0.012709
-0.013464
-0.014216
-0.014796
-0.015222
-0.015363
-0.015869
-0.016040
-0.016126
-0.016133
-0.016002
-0.015759
-0.015352
-0.015020
-0.014703
-0.014381
-0.014112
-0.013722
-0.013438
-0.013040
-0.012705
-0.012390
-0.012139
-0.011791
-0.011425
-0.011096
-0.010531
-0.010320
-0.009931
-0.009548
-0.009237
-0.008916
-0.008537
-0.008209
-0.007894
-0.007624
-0.007324
-0.006920
-0.006570
-0.006199
-0.005908
-0.005542
-0.005192
-0.004899
-0.004571
-0.004256
-0.003921
-0.003597
-0.003237
-0.002844
-0.002443
-0.002097
-0.001779
-0.001482
-0.001086
-0.000740
-0.000382
-0.000089
0.000247
0.000581
0.000898
0.001212
0.001504
0.001836
0.002186
0.002567
0.002828
0.003254
0.003803
0.003980
0.004328
0.004631
0.004934
0.005300
0.005653
0.005961
0.006283
0.006585
0.012665
0.007406
0.007712
0.008054
0.008393
0.008733
0.009076
0.009397
0.009733
0.010060
0.010390
0.010736
0.011093
0.011400
0.011764
0.012135
0.012516
0.013427
0.013314
0.013620
0.013924
0.014285
0.014637
0.014974
0.015306
0.015598
0.015950
0.016214
0.016517
0.016933
0.017289
0.017632
0.017937
0.018270
0.018674
0.019036
0.019359
0.019729
0.020055
0.020375
0.020772
0.021026
0.021354
0.021590
0.022379
0.022399
0.022673
0.022983
0.023316
0.023653
0.024008
0.024327
0.024660
0.025017
0.025339
0.025694
0.026020
0.026356
0.026722
0.027130
0.027426
0.027747
0.028109
0.028435
0.028825
0.029134
0.029508
0.029848
0.030091
0.030429
0.030912
0.031121
0.031503
0.031843
0.032168
0.032497
0.032888
0.033236
0.033542
0.033986
0.034337
0.034672
0.035034
0.035339
0.035668
0.036006
0.036333
0.036671
0.036993
0.037324
0.037660
0.037979
0.038282
0.038646
0.038946
0.039340
0.039661
0.039978
0.008162
0.007245
0.007632
0.007981
0.008308
0.008628
0.008939
0.009323
0.009607
0.009975
0.010335
0.010628
0.010988
0.011315
0.011675
0.011964
0.012302
0.012627
0.012935
0.013299
0.013632
0.014015
0.014301
0.014633
0.014934
0.015296
0.015631
0.015988
0.016289
0.016648
0.016963
0.017291
0.017619
0.017951
0.018297
0.018620
0.018961
0.019289
0.019593
0.019945
0.020258
0.020604
0.020939
0.021284
0.021606
0.021943
0.022329
0.022643
0.022893
0.023278
0.023594
0.023933
0.024288
0.024605
0.024923
0.025314
0.025645
0.025977
0.026253
0.026618
0.026920
0.027270
0.027617
0.027947
0.028281
0.028609
0.028952
0.029334
0.029610
0.029935
0.030273
0.030625
0.030939
0.031277
0.031618
0.031949
0.032256
0.032570
0.032929
0.033295
0.033607
0.033960
0.034277
0.034607
0.034911
0.035256
0.035582
0.035933
0.036299
0.036593
0.036953
0.037265
0.037595
0.037932
0.038291
0.038598
0.038924
0.039260
0.039575
0.039928
0.007617
0.007219
0.007607
0.007886
0.008249
0.008556
0.008888
0.009230
0.009585
0.009879
0.010212
0.010573
0.010900
0.011246
0.011602
0.011995
0.012329
0.012680
0.013067
0.013421
0.013732
0.014039
0.014456
0.014767
0.015160
0.015506
0.015921
0.016261
0.016594
0.016928
0.018349
0.017567
0.017899
0.018232
0.018605
0.018933
0.019274
0.019604
0.019899
0.020213
0.020589
0.021018
0.021298
0.021663
0.021990
0.022292
0.022683
0.022994
0.023332
0.023653
0.023979
0.024297
0.024657
0.025030
0.025472
0.025775
0.026244
0.026547
0.026884
0.027572
0.027581
0.027904
0.028225
0.028563
0.028888
0.029274
0.029548
0.029899
0.030238
0.030741
0.030921
0.031241
0.031559
0.031836
0.032220
0.036362
0.032998
0.033394
0.033725
0.034090
0.034472
0.034772
0.035110
0.035434
0.035775
0.036108
0.036443
0.036769
0.037106
0.037437
0.037757
0.038100
0.038432
0.038747
0.039087
0.039447
0.039744
0.011276
0.007203
0.007521
0.007861
0.008183
0.008508
0.008857
0.009218
0.009595
0.009967
0.010300
0.010692
0.011090
0.011422
0.011755
0.012249
0.012798
0.012936
0.013261
0.013598
0.013922
0.014360
0.014686
0.014992
0.015350
0.015796
0.016076
0.016406
0.016756
0.017076
0.017423
0.017744
0.018048
0.018402
0.018734
0.019063
0.019366
0.019684
0.020033
0.020358
0.020730
0.021027
0.021358
0.021697
0.022052
0.022393
0.022722
0.023054
0.023358
0.023733
0.024052
0.024394
0.024697
0.025068
0.033098
0.025724
0.026052
0.026390
0.026623
0.027047
0.027351
0.027656
0.028067
0.028371
0.028727
0.029056
0.029344
0.029704
0.030075
0.030382
0.030708
0.031029
0.031379
0.031617
0.031924
0.032383
0.032710
0.032943
0.033247
0.033702
0.034126
0.034439
0.034772
0.035103
0.035452
0.035776
0.036115
0.036506
0.036780
0.037154
0.037472
0.037767
0.038160
0.038482
0.038803
0.039094
0.039466
0.039760
0.018531
0.007150
0.007458
0.007792
0.008124
0.008437
0.008757
0.009155
0.009582
0.009858
0.010186
0.010565
0.010868
0.011178
0.011481
0.011814
0.012136
0.012479
0.012778
0.013127
0.013471
0.013749
0.014136
0.014433
0.014767
0.015116
0.015467
0.015803
0.016221
0.016600
0.017021
0.017313
0.017880
0.018224
0.018662
0.018931
0.019252
0.019620
0.020006
0.020367
0.020714
0.021022
0.021363
0.021681
0.022013
0.022345
0.022773
0.023120
0.023449
0.023772
0.024129
0.024547
0.027089
0.025251
0.025511
0.025880
0.026265
0.026675
0.026839
0.027177
0.027509
0.027840
0.028208
0.028565
0.028833
0.029165
0.029502
0.029883
0.030324
0.030644
0.030967
0.031342
0.031719
0.034548
0.032452
0.032731
0.033094
0.033427
0.033756
0.034554
0.034451
0.035464
0.035194
0.035458
0.035782
0.036089
0.036505
0.036805
0.037128
0.037445
0.037767
0.038070
0.038402
0.038703
0.023256
0.006618
0.006696
0.006973
0.007315
0.007708
0.007950
0.008254
0.008635
0.008955
0.009261
0.009704
0.010047
0.010406
0.010734
0.011093
0.011397
0.011728
0.012095
0.012464
0.012811
0.013176
0.013594
0.013918
0.014283
0.014690
0.014980
0.015361
0.015708
0.016033
0.016385
0.016716
0.017056
0.017415
0.017717
0.018049
0.018378
0.018713
0.019052
0.019498
0.019809
0.020240
0.020552
0.021068
0.021468
0.021877
0.022231
0.022558
0.023029
0.023355
0.023667
0.026934
0.024430
0.024777
0.025174
0.025553
0.025946
0.026247
0.026588
0.026921
0.027225
0.027603
0.028026
0.028430
0.028727
0.029121
0.029397
0.029831
0.030271
0.030583
0.030887
0.031246
0.031569
0.031991
0.032337
0.032665
0.033121
0.033677
0.034025
0.034358
0.034739
0.035123
0.035433
0.035800
0.036097
0.036467
0.036832
0.037228
0.037730
0.038052
0.038361
0.038695
0.039080
0.039671
0.039747
0.021486
0.007228
0.007553
0.007895
0.008200
0.008549
0.008937
0.009326
0.009653
0.010001
0.010342
0.010678
0.011007
0.011341
0.011676
0.012005
0.012331
0.012635
0.012998
0.013339
0.013667
0.014062
0.014422
0.014736
0.015065
0.015375
0.015778
0.016247
0.016558
0.017191
0.017322
0.017647
0.017979
0.018315
0.018643
0.019496
0.019300
0.019637
0.019960
0.020284
0.020599
0.020954
0.021312
0.021644
0.021955
0.023399
0.022683
0.022997
0.023288
0.023632
0.023964
0.024318
0.024718
0.025071
0.025431
0.026199
0.026122
0.026488
0.026879
0.027188
0.027568
0.027887
0.028197
0.028675
0.028990
0.029312
0.029637
0.029952
0.030285
0.030666
0.031005
0.031381
0.031699
0.032039
0.032364
0.032732
0.033095
0.033427
0.033817
0.034019
0.034358
0.034687
0.035059
0.035510
0.035841
0.036170
0.036495
0.036837
0.037283
0.037642
0.038031
0.038451
0.038834
0.039155
0.039514
0.039827
0.012500
0.007252
0.007585
0.007925
0.008284
0.008587
0.008900
0.009265
0.009606
0.009892
0.010235
0.010565
0.010901
0.011201
0.011582
0.011921
0.012257
0.012586
0.012986
0.013358
0.013734
0.014083
0.014376
0.014732
0.015062
0.015402
0.015782
0.016241
0.016565
0.016928
0.017325
0.017659
0.018073
0.018405
0.018746
0.019051
0.019391
0.019663
0.020058
0.020397
0.020727
0.021565
0.021383
0.021722
0.022025
0.022271
0.022650
0.022946
0.023311
0.023705
0.023979
0.024396
0.024780
0.025131
0.025573
0.025891
0.026290
0.026645
0.027010
0.027416
0.027799
0.028109
0.028502
0.028859
0.029194
0.029549
0.029885
0.030266
0.030675
0.031077
0.031441
0.031845
0.032209
0.032540
0.032873
0.033201
0.033515
0.033937
0.034306
0.034618
0.034940
0.035297
0.035662
0.036008
0.036461
0.036756
0.037088
0.037427
0.037749
0.038082
0.038387
0.038762
0.039067
0.039424
0.039740
0.010359
0.007152
0.007498
0.007877
0.008341
0.008590
0.008927
0.009259
0.009589
0.009921
0.010263
0.010595
0.011011
0.011313
0.011587
0.011922
0.012249
0.012583
0.012914
0.013261
0.013664
0.013998
0.014308
0.014604
0.014967
0.015239
0.015569
0.015951
0.016406
0.016739
0.017050
0.017495
0.017893
0.018181
0.018584
0.018947
0.019327
0.019727
0.020085
0.020392
0.020719
0.021058
0.021386
0.021712
0.022059
0.022361
0.022701
0.023015
0.023389
0.023713
0.024083
0.024386
0.024687
0.025014
0.025379
0.025689
0.026047
0.026380
0.026686
0.027045
0.027401
0.027784
0.028039
0.028339
0.028685
0.029041
0.029346
0.029700
0.030022
0.030332
0.030698
0.031000
0.031306
0.031696
0.032036
0.032365
0.032663
0.032993
0.033338
0.033697
0.033991
0.034296
0.034673
0.034974
0.035335
0.035689
0.035988
0.036350
0.036656
0.036997
0.037362
0.037704
0.038008
0.038380
0.038620
0.038924
0.039353
0.039686
0.039357
0.013866
0.007450
0.007862
0.008247
0.008677
0.009034
0.009390
0.009771
0.010100
0.010479
0.010796
0.011130
0.011470
0.011794
0.012163
0.012555
0.012895
0.013270
0.013603
0.013965
0.014270
0.014628
0.014952
0.015269
0.015656
0.015955
0.016300
0.016631
0.016943
0.017262
0.017624
0.017954
0.018281
0.018753
0.019106
0.019464
0.019774
0.020108
0.020483
0.020767
0.021098
0.021372
0.021742
0.022083
0.022438
0.022758
0.023084
0.023722
0.023743
0.024111
0.024424
0.024799
0.025199
0.025586
0.025932
0.026249
0.026605
0.027088
0.027440
0.027761
0.028110
0.028425
0.028778
0.029151
0.029508
0.030041
0.030167
0.030549
0.030919
0.031228
0.031584
0.032274
0.032280
0.033220
0.032962
0.033265
0.033778
0.034189
0.034550
0.034884
0.035219
0.035592
0.035975
0.036356
0.036739
0.037105
0.037493
0.037872
0.038221
0.038546
0.038911
0.039205
0.039537
0.039905
0.020356
0.007290
0.007637
0.007951
0.008298
0.008608
0.008958
0.009299
0.009605
0.009909
0.010275
0.010663
0.011034
0.011338
0.011705
0.012035
0.012349
0.012689
0.013009
0.013340
0.013684
0.014005
0.014339
0.014743
0.015080
0.015468
0.015835
0.016068
0.016465
0.017129
0.017130
0.017495
0.017770
0.018122
0.018425
0.018787
0.019167
0.019442
0.019802
0.020272
0.020552
0.020920
0.021256
0.021635
0.021974
0.022361
0.022678
0.023029
0.023337
0.023693
0.024044
0.024436
0.024775
0.025173
0.025489
0.025774
0.026300
0.026599
0.026928
0.027252
0.027558
0.027936
0.028220
0.028566
0.028919
0.029291
0.029649
0.029986
0.030336
0.030677
0.031071
0.031388
0.031760
0.032090
0.032475
0.032743
0.033075
0.033428
0.033918
0.034075
0.034414
0.034760
0.035078
0.035412
0.035740
0.036077
0.036404
0.036752
0.037069
0.037404
0.037804
0.038178
0.038670
0.039009
0.039316
0.039636
0.025407
0.017743
0.019165
0.010597
0.009912
0.024277
0.010545
0.009801
0.011812
0.010428
0.010864
0.011200
0.011783
0.017078
0.012283
0.012652
0.013128
0.021999
0.018006
0.016691
0.014626
0.018717
0.015358
0.015758
0.016129
0.016620
0.017024
0.017177
0.017500
0.017840
0.018159
0.018545
0.018889
0.019357
0.020328
0.019993
0.020396
0.020789
0.021194
0.021523
0.026287
0.031975
0.022541
0.027127
0.027017
0.030932
0.024184
0.024505
0.028903
0.025235
0.025599
0.026003
0.026303
0.026673
0.027028
0.028592
0.027841
0.028211
0.028649
0.028958
0.029348
0.032940
0.035957
0.024275
0.010696
0.007980
0.011609
-0.000490
0.001464
0.000481
-0.000161
0.000194
0.000532
0.000836
0.001198
0.001567
0.005349
0.004881
0.002675
0.004166
0.004142
0.007026
0.009803
0.004411
0.006103
0.008776
0.028345
0.024922
0.021317
0.028779
0.013746
0.008657
0.008365
0.008776
0.009123
0.009482
0.016493
0.010125
0.010459
0.010793
0.011136
0.011491
0.012033
0.014905
0.012753
0.013107
0.013372
0.013573
0.013721
0.013801
0.013720
0.016441
0.013747
0.014950
0.013726
0.013736
0.013614
0.014446
0.015073
1.834926
