nan
nan
nan
nan
nan
nan
nan
nan
nan
nan
nan
nan
nan
nan
nan
nan
nan
nan
nan
nan
nan
nan
nan
nan
0.000693
0.001178
0.001595
0.001870
0.002182
0.002517
0.005045
0.003303
0.003629
0.004300
0.004235
0.004591
0.004974
0.005522
0.005696
0.006014
0.010395
0.006697
0.007028
0.007336
0.008759
0.008040
0.008393
0.008728
0.009055
0.009365
0.009791
0.010119
0.010521
0.010853
0.011171
0.011578
0.011957
0.012264
0.012606
0.012941
0.013268
0.013627
0.013952
0.014254
0.014598
0.014988
0.015678
0.015853
0.016050
0.016356
0.016742
0.017106
0.017505
0.017848
0.018161
0.018479
0.018805
0.019148
0.019465
0.019817
0.020146
0.020493
0.020817
0.021142
0.021485
0.021820
0.022137
0.022492
0.022817
0.023158
0.023567
0.023825
0.024140
0.024485
0.024740
0.025157
0.025476
0.025845
0.026188
0.026571
0.026877
0.027244
0.027551
0.027905
0.028324
0.028711
0.028956
0.029340
0.029825
0.030185
0.030573
0.030898
0.031937
0.031556
0.032091
0.032736
0.033223
0.033772
0.033262
0.033994
0.033882
0.034221
0.034567
0.034907
0.035315
0.035668
0.036016
0.036466
0.036680
0.037017
0.037413
0.037755
0.038128
0.038468
0.038800
0.039150
0.039544
0.019918
0.008334
0.007274
0.007604
0.008252
0.008277
0.008598
0.008982
0.009347
0.009831
0.009993
0.010298
0.010702
0.011023
0.011352
0.011642
0.012015
0.012316
0.012770
0.013109
0.013447
0.013754
0.014088
0.014382
0.014754
0.015010
0.015413
0.015776
0.016538
0.016360
0.017184
0.016886
0.017781
0.017364
0.017591
0.018123
0.018068
0.018135
0.018551
0.018168
0.018119
0.018083
0.018169
0.018067
0.018079
0.018076
0.018032
0.018008
0.017981
0.018044
0.017949
0.017967
0.018342
0.017925
0.018024
0.017919
0.017842
0.017821
0.017814
0.017777
0.017730
0.017515
5.543138
5.153194
4.833922
4.830207
3.338332
3.335030
3.331961
3.329226
3.325805
3.323026
1.012115
1.008659
0.000613
-0.002570
-0.005746
-0.008780
-0.011707
-0.014337
-0.017269
-0.019907
-0.022442
-0.024828
-0.027201
-0.029433
-0.031569
-0.033450
-0.035311
-0.036985
-0.039084
-0.040562
-0.009104
-0.010576
-0.011941
-0.013721
-0.015592
-0.016842
-0.018051
-0.019050
-0.019928
-0.020761
-0.021340
-0.021896
-0.022260
-0.022493
-0.022633
-0.022667
-0.022576
-0.022322
-0.021985
-0.021652
-0.021311
-0.021006
-0.020659
-0.020321
-0.019991
-0.019661
-0.019330
-0.018871
-0.018556
-0.018211
-0.017868
-0.017554
-0.017196
-0.016859
-0.016506
-0.016220
-0.016040
-0.016003
-0.016024
-0.015939
-0.016055
-0.016124
-0.016142
-0.016167
-0.016182
-0.016212
-0.016220
-0.016260
-0.016318
-0.016527
4.348265
4.410026
4.188461
3.329164
3.539769
3.174959
3.164703
2.626766
2.076896
1.654465
1.651290
1.648293
1.645492
1.642774
-0.009272
-0.014300
-0.017371
-0.020419
-0.023036
-0.026220
-0.029129
-0.031492
-0.033776
-0.036412
-0.038501
-0.040793
-0.009573
-0.011425
-0.013153
-0.014735
-0.015797
-0.017500
-0.018693
-0.019801
-0.020685
-0.021499
-0.022218
-0.022764
-0.023229
-0.023606
-0.023877
-0.024016
-0.024098
-0.023762
-0.023869
-0.023567
-0.023206
-0.022751
-0.022390
-0.022058
-0.021711
-0.021395
-0.021052
-0.020706
-0.020374
-0.020032
-0.019718
-0.019390
-0.019054
-0.018735
-0.018379
-0.017982
-0.017663
-0.017330
-0.016995
-0.016609
-0.016160
-0.015832
-0.015510
-0.015164
-0.014845
-0.014464
-0.014068
-0.013751
-0.013362
-0.012997
-0.012675
-0.012322
-0.012075
-0.011671
-0.011342
-0.010998
-0.010614
-0.010275
-0.009949
-0.009546
-0.009348
-0.004730
-0.008525
-0.008198
-0.007862
-0.007530
-0.007210
-0.004522
-0.006484
-0.006158
-0.005786
-0.005459
-0.005092
-0.004753
-0.004435
-0.004064
-0.003474
-0.003383
-0.003088
-0.002770
-0.002444
-0.002114
-0.001764
-0.001351
-0.001003
-0.000664
0.000111
0.000095
0.000390
0.000698
0.001110
0.001423
0.001791
0.002120
0.002449
0.002779
0.003105
0.003409
0.003769
0.004099
0.004457
0.004786
0.005124
0.005481
0.005775
0.006129
0.006461
0.006807
0.007123
0.007431
0.007781
0.008116
0.008514
0.008892
0.009203
0.009547
0.009891
0.010222
0.010536
0.011061
0.011195
0.011439
0.011812
0.012192
0.012530
0.012878
0.013190
0.013513
0.013848
0.014187
0.014507
0.014846
0.015201
0.015505
0.015841
0.016190
0.016517
0.016847
0.017182
0.017500
0.017835
0.018177
0.018482
0.018844
0.019168
0.019479
0.019812
0.020181
0.020485
0.020848
0.021212
0.021524
0.021803
0.022173
0.022476
0.022810
0.023069
0.023463
0.028984
0.024256
0.024634
0.024954
0.025220
0.025599
0.025974
0.026329
0.026693
0.027044
0.027394
0.027776
0.028195
0.028593
0.028980
0.029297
0.029616
0.029926
0.030647
0.030620
0.030994
0.031432
0.031701
0.032037
0.032379
0.032730
0.033037
0.033440
0.034960
0.034186
0.034565
0.034935
0.035346
0.035657
0.036066
0.036452
0.036825
0.037121
0.037410
0.037816
0.038117
0.038486
0.038788
0.039058
0.024478
0.006582
0.007037
0.007361
0.007661
0.007963
0.008329
0.008637
0.008999
0.009324
0.009627
0.010141
0.010545
0.010853
0.011256
0.011583
0.011932
0.012239
0.012594
0.012927
0.013263
0.013616
0.013941
0.014235
0.014548
0.015047
0.015225
0.015603
0.016009
0.016340
0.016661
0.017035
0.017420
0.017779
0.018111
0.018423
0.018811
0.019171
0.019887
0.024031
0.020315
0.020579
0.020989
0.021415
0.021733
0.022058
0.022392
0.022725
0.023070
0.023424
0.023776
0.024095
0.024422
0.024739
0.025078
0.025410
0.025730
0.026074
0.026388
0.026725
0.027020
0.027447
0.027774
0.028172
0.028558
0.028918
0.029235
0.029575
0.031478
0.030300
0.030704
0.030974
0.031335
0.031629
0.031967
0.032344
0.032782
0.033139
0.033473
0.033887
0.034198
0.034530
0.034858
0.035132
0.035468
0.035885
0.036206
0.036740
0.036970
0.037329
0.037633
0.037993
0.038290
0.038591
0.038933
0.039277
0.039629
0.039958
0.006985
0.007446
0.007783
0.008533
0.008703
0.008905
0.009266
0.009604
0.010084
0.010374
0.010746
0.011111
0.011455
0.011899
0.012365
0.012739
0.013083
0.013459
0.013836
0.014155
0.014823
0.014826
0.015109
0.015538
0.016019
0.016357
0.016565
0.016890
0.017224
0.017567
0.017885
0.018218
0.018521
0.018902
0.019236
0.019569
0.019891
0.020234
0.020704
0.021115
0.021497
0.021823
0.022144
0.022501
0.022857
0.023299
0.023668
0.024010
0.024353
0.024669
0.025009
0.025320
0.025642
0.026099
0.026480
0.026873
0.027211
0.027650
0.027987
0.028379
0.028762
0.029126
0.029492
0.029952
0.030408
0.030692
0.031088
0.031461
0.031840
0.032248
0.032693
0.033066
0.033416
0.033747
0.034121
0.034419
0.034729
0.035033
0.035461
0.035777
0.036074
0.036354
0.036652
0.036954
0.037287
0.037619
0.037942
0.038292
0.038612
0.038955
0.039300
0.039663
0.039980
0.013652
0.007297
0.007574
0.007587
0.007598
0.007566
0.007426
0.007408
0.007378
0.007358
0.007343
0.007328
0.007308
0.007285
0.007278
0.007279
0.007227
0.007207
0.007199
0.007185
0.007177
0.007161
0.007138
0.007126
0.007070
0.006996
0.006749
0.006433
0.010647
0.005462
0.004862
0.004140
0.003351
0.002311
-0.002369
-0.005599
-0.008762
-0.012260
-0.015162
-0.018489
-0.016899
-0.024147
-0.026686
-0.029044
-0.031586
-0.033578
-0.035650
-0.037660
-0.039768
-0.041406
-0.009762
-0.011360
-0.012825
-0.014257
-0.015533
-0.016715
-0.017772
-0.018964
-0.019990
-0.020804
-0.021492
-0.022304
-0.022771
-0.023054
-0.023240
-0.023344
-0.023337
-0.023221
-0.022931
-0.022590
-0.022255
-0.022011
-0.021678
-0.021350
-0.021009
-0.020685
-0.020309
-0.019850
-0.019540
-0.019176
-0.018812
-0.018447
-0.018106
-0.017777
-0.017449
-0.017027
-0.016689
-0.016154
-0.015365
-0.014942
-0.015299
-0.015028
-0.013349
-0.014182
-0.013846
-0.013533
-0.013008
-0.012957
-0.012656
-0.011568
-0.011677
-0.011637
-0.011274
-0.010883
-0.010574
-0.010236
-0.009909
-0.009579
-0.009277
-0.008813
-0.008481
-0.008156
-0.007904
-0.007570
-0.007257
-0.006952
-0.006529
-0.006147
-0.005830
-0.005491
-0.005159
-0.004818
-0.004512
-0.004133
-0.003801
-0.003424
-0.003034
0.001092
-0.002367
-0.002003
-0.001621
-0.001305
-0.000995
-0.000674
-0.000448
0.000056
0.000410
0.000768
0.001129
0.001438
0.001788
0.002186
0.002504
0.002831
0.003153
0.003488
0.003830
0.004090
0.004463
0.005171
0.005184
0.005506
0.005819
0.006193
0.006539
0.006860
0.007167
0.007492
0.007855
0.008192
0.008523
0.008826
0.009156
0.009531
0.009855
0.010226
0.010579
0.010961
0.011226
0.012372
0.012142
0.013171
0.012815
0.013044
0.013423
0.013821
0.014146
0.014510
0.014823
0.015130
0.015473
0.015822
0.016155
0.016464
0.016827
0.017139
0.017473
0.017832
0.018150
0.018521
0.018900
0.019213
0.019705
0.019955
0.020287
0.020678
0.021030
0.021353
0.021657
0.022019
0.022356
0.022684
0.023011
0.023350
0.023690
0.024011
0.024357
0.024690
0.025012
0.025356
0.025755
0.026008
0.026325
0.026649
0.027020
0.027389
0.027649
0.028015
0.028375
0.028646
0.029028
0.029329
0.029682
0.030017
0.030339
0.030682
0.031008
0.031345
0.031671
0.032004
0.032339
0.032660
0.032992
0.033330
0.033671
0.033994
0.034339
0.034677
0.034992
0.035337
0.035670
0.036011
0.036354
0.036672
0.037001
0.037328
0.037668
0.038009
0.038338
0.038668
0.039012
0.039336
0.039686
0.038947
0.018026
0.007336
0.007673
0.008001
0.008335
0.008668
0.008999
0.009335
0.009671
0.009997
0.010336
0.010671
0.010997
0.011331
0.011667
0.011994
0.012328
0.012667
0.013013
0.013321
0.013665
0.013992
0.014324
0.014663
0.014989
0.017978
0.015753
0.016067
0.016427
0.016806
0.017200
0.017488
0.017847
0.018185
0.018510
0.018880
0.019183
0.019497
0.019811
0.020183
0.020536
0.020811
0.021177
0.021587
0.021985
0.022316
0.022630
0.022933
0.023309
0.023644
0.023964
0.024268
0.024638
0.024966
0.025309
0.025634
0.025952
0.026291
0.026556
0.026969
0.027298
0.027678
0.028065
0.028462
0.028826
0.029158
0.032726
0.029834
0.030259
0.030620
0.030923
0.031297
0.031624
0.032020
0.032366
0.032724
0.033055
0.033383
0.033733
0.034077
0.034405
0.034714
0.035052
0.035361
0.035753
0.036101
0.036505
0.036950
0.037273
0.037593
0.037896
0.038283
0.038605
0.038936
0.039268
0.039600
0.039932
0.007002
0.007352
0.007714
0.008032
0.008369
0.008708
0.009038
0.009379
0.009725
0.009985
0.010476
0.010865
0.011182
0.011518
0.011924
0.012264
0.012681
0.013009
0.013325
0.013702
0.014001
0.014326
0.014719
0.015124
0.015495
0.015766
0.016205
0.016595
0.017019
0.017363
0.017750
0.018111
0.018971
0.018865
0.019256
0.019635
0.020009
0.020429
0.020831
0.021314
0.021557
0.021861
0.022230
0.022577
0.022884
0.023230
0.023598
0.023936
0.024243
0.024576
0.024907
0.025242
0.025663
0.026019
0.026342
0.026626
0.026942
0.027337
0.027720
0.028110
0.028488
0.028856
0.029147
0.029544
0.029915
0.030211
0.030550
0.030878
0.031212
0.031619
0.031967
0.032308
0.032639
0.032978
0.033368
0.033740
0.034456
0.034457
0.034819
0.035199
0.035540
0.035928
0.036281
0.036597
0.036946
0.037269
0.037600
0.037929
0.038257
0.038605
0.038951
0.039297
0.039614
0.039965
0.014245
0.007391
0.007766
0.008087
0.008354
0.008842
0.009151
0.009564
0.009931
0.010242
0.014625
0.010976
0.011320
0.011608
0.011931
0.012233
0.012535
0.012838
0.013141
0.013444
0.013746
0.014048
0.014351
0.014724
0.015168
0.015516
0.015822
0.016086
0.016470
0.016822
0.017252
0.017619
0.017896
0.018266
0.018623
0.018910
0.019360
0.019788
0.020149
0.020624
0.020937
0.021255
0.021635
0.021926
0.022263
0.022623
0.022932
0.023251
0.023611
0.023897
0.024245
0.024647
0.025008
0.025419
0.025728
0.026054
0.026402
0.026842
0.027252
0.027609
0.027890
0.028221
0.028542
0.028879
0.029220
0.029543
0.029875
0.030122
0.030240
0.030252
0.030232
0.030234
0.031505
0.030249
0.030244
0.030214
0.030188
0.030142
0.030137
0.030138
0.030092
0.032331
0.030049
0.030002
0.029984
0.029955
0.029935
0.029920
0.029891
0.029823
0.029737
0.624244
0.621246
-0.012928
-0.014811
-0.018461
-0.021088
-0.024202
-0.026786
-0.029349
-0.032101
-0.034305
-0.036635
-0.039378
-0.041231
-0.042991
-0.011588
-0.013327
-0.014490
-0.016118
-0.017507
-0.018919
-0.020399
-0.021436
-0.022420
-0.023434
-0.023860
-0.024900
-0.025533
-0.025931
-0.026248
-0.026440
-0.026550
-0.026557
-0.026407
-0.026122
-0.025776
-0.025402
-0.025098
-0.024734
-0.024356
-0.023747
-0.023619
-0.023238
-0.022860
-0.022546
-0.022220
-0.021851
-0.021452
-0.021103
-0.020763
-0.017497
-0.020030
-0.019115
-0.019319
-0.019011
-0.018683
-0.018292
-0.017973
-0.017572
-0.017121
-0.016802
-0.016567
-0.016208
-0.015909
-0.015599
-0.015235
-0.014930
-0.014554
-0.014228
-0.013876
-0.013549
-0.013188
-0.012833
-0.012438
-0.012067
-0.011691
-0.011321
-0.010578
-0.010653
-0.010297
-0.009987
-0.009650
-0.009383
-0.009024
-0.008656
-0.007949
-0.007994
-0.007726
-0.007383
-0.006989
-0.006591
-0.006238
-0.003343
-0.005560
-0.005251
-0.004903
-0.004566
-0.004223
-0.003906
-0.003574
-0.003218
-0.002885
-0.002525
-0.002151
-0.001842
-0.001502
-0.001205
-0.000954
-0.000836
-0.000818
-0.000848
-0.000866
-0.000897
-0.000883
-0.000894
-0.000785
-0.000577
-0.000296
0.000037
0.000388
0.000727
0.001024
0.001370
0.001735
0.002043
0.002370
0.002704
0.003037
0.003416
0.003710
0.004034
0.004359
0.004710
0.005076
0.005489
0.005842
0.006201
0.006525
0.006873
0.007198
0.007535
0.007930
0.008270
0.008589
0.008928
0.009308
0.009696
0.010006
0.010347
0.010696
0.011010
0.011388
0.011797
0.012155
0.012550
0.012959
0.013352
0.013698
0.014008
0.014336
0.014690
0.015008
0.015384
0.015673
0.016000
0.016296
0.016671
0.017011
0.017346
0.017669
0.017957
0.018336
0.018690
0.019008
0.019334
0.019672
0.020012
0.020351
0.020674
0.021048
0.021417
0.021652
0.022123
0.022477
0.022798
0.023545
0.023504
0.023863
0.024223
0.024558
0.024884
0.025341
0.025659
0.025987
0.026401
0.026652
0.026917
0.027111
0.027284
0.027540
0.027861
0.028210
0.028557
0.028885
0.029205
0.029542
0.029870
0.030268
0.030683
0.031116
0.031451
0.031767
0.032106
0.032438
0.032759
0.033203
0.033575
0.033871
0.034219
0.034599
0.034910
0.035312
0.035675
0.036008
0.036283
0.036678
0.037012
0.037304
0.037660
0.037975
0.038416
0.038775
0.039165
0.039515
0.039920
0.016209
0.007547
0.007829
0.008183
0.008540
0.008859
0.009203
0.009600
0.009951
0.010339
0.010719
0.011098
0.011515
0.011827
0.012172
0.012536
0.012820
0.012985
0.013118
0.013178
0.013199
0.013107
0.013151
0.013068
0.013050
0.012931
0.013018
0.012965
0.012940
0.012952
0.012924
0.012826
0.010596
0.009945
0.008662
0.008658
0.008132
1.418488
0.954716
0.745321
0.747531
2.367137
2.303011
2.299146
2.296237
2.293312
2.290520
2.287682
0.001210
-0.002848
-0.005675
-0.008897
-0.011772
-0.014469
-0.017073
-0.019749
-0.021875
-0.024017
-0.026394
-0.028376
-0.030751
-0.032391
-0.033634
-0.036239
-0.037687
-0.039004
-0.040181
-0.041153
-0.008844
-0.008902
-0.010106
-0.009701
-0.011452
-0.011692
-0.011990
-0.012085
-0.012059
-0.011915
-0.011711
-0.011413
-0.010199
-0.010733
-0.010408
-0.010061
-0.009718
-0.009357
-0.009037
-0.008733
-0.008409
-0.008075
-0.007747
-0.007386
-0.007010
-0.006626
-0.006238
-0.005907
-0.005559
-0.005253
-0.004951
-0.004576
-0.004240
-0.003912
-0.003590
-0.003215
-0.002893
-0.002553
-0.002257
-0.001913
-0.001568
-0.001228
-0.000850
-0.000500
-0.000164
0.000237
0.000563
0.000913
0.001272
0.001589
0.001957
0.002277
0.002583
0.002926
0.003289
0.003667
0.005022
0.004397
0.004761
0.005137
0.005465
0.005895
0.006237
0.006460
0.006765
0.007127
0.007579
0.007796
0.008128
0.008439
0.008785
0.009137
0.009466
0.009819
0.010126
0.010441
0.010776
0.011078
0.011432
0.011772
0.012105
0.012439
0.012766
0.013096
0.013451
0.013770
0.014105
0.014407
0.014770
0.015079
0.015476
0.015792
0.016024
0.016454
0.016781
0.017127
0.017476
0.017817
0.018128
0.018447
0.018775
0.019106
0.019520
0.019889
0.020231
0.020545
0.020874
0.021180
0.021553
0.021903
0.022232
0.022635
0.023037
0.023385
0.023768
0.024078
0.024379
0.024715
0.025114
0.025431
0.025784
0.026087
0.026409
0.026711
0.027095
0.027413
0.027716
0.028050
0.028401
0.028742
0.029080
0.029475
0.029841
0.030164
0.030494
0.030827
0.031073
0.031521
0.031834
0.032139
0.032526
0.032835
0.033150
0.033494
0.033839
0.034182
0.034577
0.035154
0.035282
0.036638
0.035889
0.036396
0.036823
0.037136
0.037475
0.037705
0.038032
0.038365
0.038703
0.039006
0.039377
0.039706
-0.024154
-0.026287
-0.025957
-0.025634
-0.025294
-0.024856
-0.024502
-0.023696
-0.023866
-0.023528
-0.023186
-0.022858
-0.022539
-0.022199
-0.021856
-0.021542
-0.021196
-0.020862
-0.020527
-0.020217
-0.019918
-0.019546
-0.019224
-0.018894
-0.014782
-0.018116
-0.017802
-0.017471
-0.017134
-0.016805
-0.015262
-0.016059
-0.015742
-0.015433
-0.015072
-0.014724
-0.014384
-0.013979
-0.013648
-0.013309
-0.012981
-0.012658
-0.012320
-0.011986
-0.011663
-0.011319
-0.010992
-0.010656
-0.010322
-0.009992
-0.009662
-0.009332
-0.008990
-0.008663
-0.008333
-0.007998
-0.007672
-0.007326
-0.006989
-0.006674
-0.006317
-0.006006
-0.005664
-0.005338
-0.004991
-0.004656
-0.004361
-0.004053
-0.003686
-0.003363
-0.002985
-0.002690
-0.002344
-0.002017
-0.001672
-0.001343
-0.001012
-0.000685
-0.000349
-0.000011
0.000316
0.000649
0.000989
0.001323
0.001650
0.001991
0.006047
0.002736
0.003041
0.003390
0.003741
0.004086
0.004398
0.004741
0.005085
0.005413
0.005737
0.006078
0.006410
0.006731
0.007071
0.007375
0.007698
0.008034
0.008366
0.008699
0.009025
0.009360
0.009688
0.010018
0.010348
0.010680
0.011026
0.011354
0.011687
0.012013
0.012343
0.012713
0.013057
0.013379
0.013679
0.014027
0.014372
0.014708
0.015031
0.015407
0.015756
0.016141
0.016528
0.016856
0.017261
0.017545
0.017916
0.018253
0.018689
0.019099
0.019450
0.019833
0.020159
0.021718
0.020853
0.021199
0.023206
0.021908
0.022350
0.023146
0.023013
0.023342
0.023675
0.024003
0.024321
0.024667
0.024985
0.025315
0.025651
0.025986
0.026315
0.026662
0.027007
0.027334
0.027679
0.028025
0.028322
0.028657
0.029005
0.029335
0.029679
0.030011
0.030333
0.030664
0.030983
0.031345
0.031657
0.032017
0.032307
0.032634
0.032964
0.033307
0.033695
0.034075
0.035444
0.034814
0.035133
0.035404
0.035738
0.036061
0.036623
0.037325
0.037236
0.037444
0.037791
0.038135
0.038436
0.039759
0.039127
0.039450
0.039808
0.022613
0.007208
0.007549
0.007871
0.008199
0.008534
0.008864
0.009237
0.009530
0.009833
0.010184
0.010487
0.010863
0.011192
0.011516
0.011858
0.012221
0.012584
0.012949
0.013223
0.013641
0.013952
0.014278
0.014618
0.014944
0.015279
0.015679
0.016041
0.016327
0.016786
0.017224
0.017591
0.017968
0.018177
0.018513
0.026541
0.019271
0.019572
0.019916
0.020297
0.020606
0.020956
0.021264
0.021593
0.021929
0.022236
0.022591
0.022932
0.023297
0.023597
0.023955
0.024273
0.024658
0.025012
0.025764
0.025744
0.026034
0.026428
0.026753
0.027206
0.027535
0.027791
0.028156
0.028492
0.028818
0.029142
0.029478
0.029821
0.030135
0.030489
0.030870
0.031245
0.031522
0.031911
0.032256
0.032624
0.032982
0.033273
0.033601
0.033913
0.034229
0.034546
0.034882
0.035218
0.035550
0.035883
0.036213
0.036542
0.036872
0.037236
0.037563
0.037888
0.038228
0.038602
0.038998
0.039361
0.039644
0.039962
0.017982
0.007334
0.007639
0.008027
0.008300
0.008633
0.008985
0.009375
0.009736
0.010161
0.010539
0.010883
0.011231
0.011534
0.011864
0.012222
0.012531
0.012881
0.013212
0.013513
0.013879
0.014181
0.014560
0.014868
0.015203
0.015512
0.015879
0.016181
0.016941
0.017244
0.017797
0.018100
0.017876
0.018197
0.018606
0.018970
0.019385
0.019671
0.020078
0.020408
0.023164
0.021076
0.021494
0.021742
0.022081
0.022411
0.022865
0.023187
0.023508
0.023854
0.024190
0.024512
0.024876
0.025187
0.025510
0.025848
0.026240
0.026611
0.026995
0.027334
0.027633
0.028548
0.028382
0.029242
0.029021
0.029409
0.029721
0.030064
0.032369
0.030739
0.031065
0.031393
0.031729
0.032157
0.032503
0.032845
0.033165
0.033468
0.033961
0.034240
0.034540
0.034921
0.035273
0.035621
0.035968
0.036295
0.036599
0.036916
0.037298
0.037678
0.038055
0.038364
0.038667
0.039087
0.039468
0.039776
0.020268
0.008615
0.008970
0.007899
0.008230
0.008609
0.008882
0.009213
0.010541
0.009834
0.010224
0.010569
0.010956
0.011386
0.011718
0.012044
0.012418
0.012784
0.013086
0.013846
0.013782
0.014127
0.014374
0.014462
0.014573
0.014615
0.014582
0.014569
0.014587
0.014541
0.014532
0.014551
0.014509
0.014531
0.014518
0.014473
0.014495
0.014481
0.014441
0.014475
0.014450
0.014176
0.013985
0.013660
0.013503
0.013445
0.013412
0.013423
0.013370
0.013153
0.013131
0.013117
0.013076
0.013069
0.013048
0.013018
0.012994
0.012972
0.012948
0.012978
0.012904
0.012909
0.012886
0.012874
0.012819
0.012840
0.012805
0.012751
0.012762
0.012729
0.012681
0.012674
0.012578
0.012465
0.012455
0.012485
0.012422
0.012424
0.012400
0.012349
0.012339
0.012375
0.012322
0.012332
0.012320
0.012298
0.012297
0.012253
0.012239
0.012196
0.012175
0.012132
0.012110
0.012089
0.012063
0.012072
0.012051
0.011997
0.011986
0.012023
0.011962
0.011977
0.011989
0.011924
0.011908
0.011809
0.011624
0.011396
0.010743
0.008092
0.005009
0.003888
0.001527
-0.000949
-0.002266
-0.003382
-0.004326
-0.005138
-0.005827
-0.006382
-0.006816
-0.007089
-0.007272
-0.007382
-0.007407
-0.007380
-0.007416
-0.007439
-0.007466
-0.007480
-0.007510
-0.007530
-0.007578
-0.007598
-0.007581
-0.007611
-0.007631
-0.007665
-0.007713
-0.007828
-0.007979
-0.008026
-0.008047
-0.008070
-0.008088
-0.008112
-0.008131
-0.008157
-0.008179
-0.008201
-0.008224
-0.008247
-0.008258
-0.008268
-0.008283
-0.008255
-0.008268
-0.008375
-0.012463
-0.013217
-0.013799
-0.014281
-0.014633
-0.014967
-0.015300
-0.015752
-0.016203
-0.016524
-0.016776
-0.016898
-0.016938
-0.016949
-0.016968
-0.016985
-0.016995
-0.017002
-0.017015
-0.017031
-0.017105
-0.017301
-0.017330
-0.017368
-0.016298
-0.017380
-0.017390
-0.017400
-0.017411
-0.017426
-0.017421
-0.017429
-0.017469
-0.017495
-0.017519
-0.017632
-0.017663
-0.017728
-0.017750
-0.017774
-0.017795
-0.017816
-0.017837
-0.017861
-0.017884
-0.017904
-0.017914
-0.018911
-0.019397
-0.019974
-0.020522
-0.020977
-0.021342
-0.021615
-0.021797
-0.021877
-0.021887
-0.021914
-0.021900
-0.021932
-0.021945
-0.021999
-0.021990
-0.022048
-0.022091
-0.022136
-0.022158
-0.022181
-0.022190
-0.022214
-0.022279
-0.022310
-0.022331
-0.022371
-0.022349
-0.022362
-0.022373
-0.022394
-0.022301
-0.022447
-0.022462
-0.022446
-0.022450
-0.022478
-0.022495
-0.022039
-0.022058
-0.022550
-0.022573
-0.022584
-0.022601
-0.022634
-0.022660
-0.022594
-0.022561
-0.022596
-0.022223
-0.022114
-0.021948
-0.022682
-0.022642
-0.022493
-0.022232
-0.021913
-0.021612
-0.021225
-0.020889
-0.020495
-0.020133
-0.019860
-0.019667
-0.019607
-0.019646
-0.019672
-0.019698
-0.019223
-0.019244
-0.019749
-0.019772
-0.019720
-0.019542
-0.019235
-0.018903
-0.018657
-0.018538
-0.018519
-0.018516
-0.018405
-0.018204
-0.017861
-0.017517
-0.017190
-0.016857
-0.016525
-0.016188
-0.010752
-0.010449
-0.015166
-0.014839
-0.014518
-0.014165
-0.013817
-0.013508
-0.013175
-0.012822
-0.012460
-0.012077
-0.011694
-0.011379
-0.011025
-0.010712
-0.010209
-0.010054
-0.008907
-0.009359
-0.009002
-0.008609
-0.008449
-0.008108
-0.007774
-0.007397
-0.006957
-0.006643
-0.006307
-0.005967
-0.005626
-0.005229
-0.004844
-0.004448
-0.004123
-0.003789
-0.003459
-0.002388
-0.002706
-0.001555
-0.002046
-0.001681
-0.001375
-0.001042
-0.000683
-0.000317
0.000033
0.000365
0.000700
0.001025
0.001357
0.001696
0.002022
0.002353
0.002692
0.003048
0.003260
0.003696
0.003997
0.004299
0.004667
0.005008
0.005333
0.005810
0.006122
0.006424
0.006728
0.007031
0.007334
0.007635
0.007938
0.008239
0.008542
0.008845
0.009148
0.009451
0.009751
0.010053
0.010415
0.010745
0.011048
0.011404
0.011745
0.012084
0.012430
0.012758
0.013075
0.013405
0.013739
0.014081
0.014395
0.014649
0.015060
0.015382
0.015737
0.016085
0.016440
0.016842
0.017628
0.017644
0.017966
0.018292
0.018664
0.019067
0.019390
0.019724
0.020075
0.020415
0.020738
0.021048
0.021382
0.021720
0.022043
0.022357
0.022676
0.023061
0.023399
0.023771
0.024056
0.024382
0.024732
0.025043
0.025388
0.025707
0.026059
0.026412
0.026801
0.027391
0.027517
0.027843
0.028185
0.028537
0.028932
0.029273
0.029588
0.029929
0.030261
0.030601
0.031044
0.031352
0.031690
0.032005
0.032361
0.032709
0.033635
0.033368
0.033701
0.034032
0.034285
0.034441
0.034519
0.037446
0.034521
0.034553
0.034486
0.035397
0.034381
0.033939
0.033153
0.032976
0.033691
0.033094
0.033271
0.033525
0.033912
0.034242
0.034511
0.034838
0.035170
0.035506
0.035833
0.036206
0.036582
0.036919
0.037836
0.037601
0.037922
0.038218
0.038514
0.038924
0.039241
0.039574
0.039901
0.023103
0.008880
0.007566
0.008487
0.008290
0.008654
0.008964
0.009304
0.009628
0.009938
0.010298
0.010635
0.010958
0.011286
0.011595
0.011963
0.012266
0.012616
0.012966
0.013300
0.013638
0.013968
0.014384
0.014706
0.015070
0.015407
0.015735
0.016121
0.016487
0.016855
0.017149
0.017542
0.017895
0.018403
0.018543
0.018893
0.019198
0.019458
0.019708
0.021026
0.020807
0.020788
0.021123
0.021457
0.022206
0.022682
0.023165
0.022974
0.023319
0.023517
0.024255
0.025483
0.024551
0.024983
0.025261
0.025598
0.025987
0.026342
0.026671
0.027017
0.027307
0.027626
0.028057
0.028369
0.028695
0.029023
0.029364
0.029717
0.030036
0.030360
0.030706
0.031027
0.031371
0.031677
0.032004
0.032338
0.032677
0.033026
0.033357
0.033683
0.034024
0.034346
0.034695
0.035005
0.035342
0.035679
0.036013
0.036343
0.036683
0.037006
0.037345
0.037687
0.038017
0.038339
0.038675
0.039033
0.039338
0.039681
0.020302
0.007100
0.007509
0.007850
0.008165
0.008517
0.008835
0.009167
0.009494
0.009805
0.010147
0.010493
0.010838
0.011137
0.011521
0.020900
0.012219
0.012557
0.012892
0.013226
0.013535
0.013838
0.014197
0.014563
0.014903
0.015204
0.015573
0.015871
0.016235
0.016571
0.016873
0.017218
0.017539
0.017878
0.018218
0.018578
0.018883
0.019212
0.019550
0.019871
0.020273
0.020633
0.020976
0.021309
0.021654
0.021998
0.022308
0.022646
0.022999
0.023300
0.023667
0.023964
0.024321
0.024656
0.024966
0.025355
0.025733
0.026153
0.026463
0.026796
0.027193
0.027588
0.028399
0.028314
0.028626
0.028955
0.029371
0.031645
0.030096
0.030369
0.030662
0.031057
0.031437
0.031699
0.033226
0.032448
0.032850
0.033178
0.033484
0.033842
0.034166
0.034550
0.034932
0.035251
0.035580
0.035917
0.036279
0.036608
0.036927
0.037281
0.037609
0.037968
0.038276
0.038612
0.038934
0.039269
0.039620
0.039926
0.012839
0.007357
0.007774
0.008163
0.008486
0.008824
0.009210
0.009591
0.009930
0.010291
0.010590
0.010959
0.011340
0.012107
0.012030
0.012910
0.012734
0.014417
0.013366
0.014163
0.014048
0.015509
0.014701
0.015024
0.015521
0.015673
0.016055
0.016364
0.016603
0.016977
0.017381
0.017797
0.018160
0.018372
0.019358
0.019419
0.019394
0.019732
0.020150
0.020442
0.021043
0.025855
0.021799
0.022129
0.022463
0.022902
0.023239
0.023533
0.023887
0.024224
0.024588
0.024883
0.025241
0.025633
0.026888
0.026817
0.026807
0.026956
0.027284
0.027611
0.027954
0.028856
0.028627
0.029393
0.029438
0.029765
0.030154
0.030542
0.030877
0.031193
0.031517
0.031867
0.032177
0.032534
0.032862
0.033191
0.033491
0.033972
0.034400
0.034733
0.035036
0.035407
0.035710
0.036081
0.036419
0.036759
0.037087
0.037390
0.037742
0.038071
0.038375
0.038740
0.039077
0.039404
0.039729
0.006749
-0.026270
-0.025927
-0.025584
-0.025256
-0.024917
-0.024595
-0.024253
-0.023903
-0.023587
-0.023262
-0.022953
-0.022574
-0.022249
-0.021929
-0.021590
-0.021254
-0.020924
-0.020591
-0.020240
-0.019920
-0.019508
-0.019175
-0.018747
-0.018267
-0.017942
-0.017623
-0.017279
-0.016957
-0.016626
-0.016285
-0.015950
-0.015618
-0.015270
-0.014878
-0.014507
-0.014169
-0.013844
-0.013513
-0.013200
-0.012858
-0.012501
-0.012177
-0.011809
-0.011514
-0.011154
-0.010753
-0.010420
-0.010047
-0.009713
-0.009271
-0.008897
-0.008727
-0.008407
-0.007969
-0.007677
-0.007316
-0.006977
-0.006646
-0.006341
-0.005977
-0.005652
-0.005344
-0.004899
-0.004538
-0.004199
-0.003891
-0.003556
-0.003200
-0.002891
-0.002543
-0.002223
-0.001866
-0.001559
-0.001234
-0.000861
-0.000449
-0.000145
0.000192
0.000521
0.000883
0.001288
0.001648
0.002005
0.002355
0.006434
0.003099
0.003414
0.003749
0.004178
0.004485
0.004753
0.005066
0.005404
0.005757
0.006100
0.006485
0.006864
0.008155
0.007547
0.007832
0.008176
0.008588
0.009093
0.009320
0.009642
0.009971
0.011366
0.010641
0.010944
0.011314
0.011645
0.011962
0.012309
0.012639
0.012992
0.013323
0.013631
0.013969
0.014296
0.014604
0.014959
0.015292
0.015620
0.015930
0.016392
0.016619
0.016923
0.017278
0.017628
0.018060
0.018399
0.018627
0.018952
0.019284
0.019652
0.019957
0.020383
0.020736
0.021068
0.021429
0.021825
0.022251
0.027828
0.023020
0.023352
0.023594
0.024051
0.024388
0.024708
0.025074
0.025367
0.025707
0.026064
0.026382
0.026707
0.027043
0.027378
0.027634
0.027999
0.028382
0.028707
0.029035
0.029379
0.029713
0.030039
0.030374
0.030703
0.031047
0.031378
0.031717
0.032042
0.032379
0.032743
0.033018
0.033378
0.033695
0.034039
0.034387
0.034727
0.035049
0.035372
0.035679
0.036012
0.036384
0.036712
0.037039
0.037352
0.037701
0.038010
0.038463
0.038783
0.039192
0.039510
0.039780
0.040174
0.019450
0.007584
0.007975
0.008329
0.008653
0.009045
0.009349
0.009723
0.010019
0.010356
0.010717
0.011022
0.011392
0.011768
0.012568
0.012871
0.013173
0.013043
0.013435
0.014514
0.014232
0.014569
0.014876
0.015237
0.015539
0.015925
0.016264
0.016627
0.017005
0.017337
0.017668
0.018014
0.018395
0.018790
0.019141
0.019420
0.034183
0.020246
0.020547
0.020883
0.021221
0.021597
0.021985
0.022326
0.022703
0.023048
0.023435
0.023811
0.024137
0.024441
0.024738
0.025795
0.025551
0.025881
0.026314
0.026801
0.027016
0.027399
0.029002
0.028203
0.028681
0.029228
0.029539
0.029869
0.030196
0.030536
0.030857
0.031188
0.031514
0.031846
0.032190
0.032523
0.032854
0.033161
0.033374
0.033467
0.033458
0.033433
0.033437
0.033441
0.033432
0.033397
0.033386
0.033464
0.033637
0.033859
0.034126
0.034424
0.034813
0.035177
0.035502
0.035822
0.036162
0.036456
0.036814
0.037117
0.037433
0.037839
0.038147
0.038516
0.038820
0.039119
0.039454
0.039813
0.028784
0.008326
0.006831
0.006755
0.006792
0.006768
0.006773
0.006692
0.006682
0.006660
0.006651
0.006686
0.006629
0.006602
0.006596
0.006571
0.006554
0.006538
0.006528
0.006502
0.006544
0.006459
0.006494
0.006434
0.006423
0.006403
0.006377
0.006383
0.006343
0.006313
0.006302
0.006281
0.006271
0.006265
0.006243
0.006232
0.006201
0.006180
0.006163
0.006151
0.006160
0.006179
0.006117
0.006109
0.006099
0.006043
0.006060
0.006034
0.006018
0.005982
0.007530
0.005997
0.006568
0.006147
0.005761
0.005526
0.003068
-0.000830
-0.001240
-0.002438
-0.002984
-0.003439
-0.003803
-0.004077
-0.004259
-0.004313
-0.004328
-0.004366
-0.004376
-0.004396
-0.004427
-0.004446
-0.004457
-0.004477
-0.004481
-0.004483
-0.004480
-0.004500
-0.004517
-0.004507
-0.004472
-0.004356
-0.004041
-0.003728
-0.003373
-0.003136
-0.002918
-0.002621
-0.002270
-0.002069
-0.001928
-0.001900
-0.001881
-0.001902
-0.001910
-0.001914
-0.001934
-0.001946
-0.001925
-0.001945
-0.001999
-0.002009
-0.002009
-0.001920
-0.001724
-0.001452
-0.001045
-0.000764
-0.000432
-0.000130
0.000173
0.000586
0.000933
0.001236
0.001589
0.001931
0.002270
0.002603
0.002945
0.003271
0.003576
0.003941
0.004260
0.004598
0.004941
0.005245
0.005555
0.005859
0.006162
0.006544
0.006848
0.007281
0.007585
0.007936
0.008265
0.008602
0.008932
0.009266
0.009599
0.009928
0.010267
0.010557
0.010890
0.011226
0.011556
0.011890
0.012223
0.012558
0.012931
0.013255
0.013558
0.013920
0.014243
0.014514
0.014753
0.014807
0.014785
0.014816
0.014835
0.014836
0.014874
0.014828
0.014859
0.015101
0.015398
0.015710
0.016059
0.016217
0.016218
0.016206
0.016194
0.016174
0.016199
0.016192
0.016150
0.016175
0.016159
0.016112
0.016100
0.016088
0.016067
0.016094
0.016056
0.016036
0.016007
0.015992
0.015972
0.015948
0.015925
0.015915
0.015872
0.015885
0.015848
0.015865
0.015853
0.015811
0.015828
0.015818
0.015713
0.015692
0.015715
0.015698
0.015637
0.015439
0.058093
0.013390
0.010534
0.007769
0.001674
-0.001390
-0.004096
-0.006435
-0.009090
-0.011434
-0.013626
-0.015769
-0.017604
-0.019447
-0.021125
-0.022979
-0.024503
-0.025815
-0.026964
-0.027946
-0.028824
-0.029605
-0.030235
-0.030820
-0.031299
-0.031640
-0.031855
-0.031932
-0.032077
-0.032067
-0.032070
-0.032067
-0.032068
-0.032098
-0.032064
-0.032066
-0.032095
-0.032095
-0.031976
-0.031986
-0.031967
-0.031856
-0.031602
-0.031264
-0.030902
-0.030599
-0.030268
-0.029946
-0.029736
-0.029602
-0.029669
-0.029661
-0.029507
-0.029438
-0.029184
-0.028851
-0.028517
-0.028185
-0.027850
-0.027478
-0.027147
-0.026847
-0.026515
-0.026193
-0.025937
-0.025899
-0.025911
-0.025819
-0.025136
-0.025315
-0.024964
-0.024664
-0.024313
-0.024008
-0.023711
-0.023321
-0.022988
-0.022673
-0.021931
-0.021994
-0.021650
-0.021331
-0.020922
-0.020621
-0.020242
-0.019953
-0.019652
-0.019348
-0.019002
-0.018667
-0.018336
-0.017982
-0.017665
-0.017031
-0.016991
-0.016681
-0.016003
-0.015873
-0.015657
-0.015419
-0.015058
-0.014711
-0.014434
-0.013422
-0.013772
-0.014136
-0.014150
-0.014177
-0.014191
-0.014208
-0.014222
-0.014243
-0.014256
-0.014275
-0.014288
-0.014320
-0.014347
-0.014354
-0.014456
-0.014663
-0.034445
-0.037572
-0.040608
-0.043645
-0.046646
-0.049746
-0.052733
-0.055495
-0.025262
-0.028056
-0.030515
-0.032880
-0.035267
-0.037477
-0.040363
-0.042427
-0.044819
-0.046609
-0.015194
-0.016926
-0.018494
-0.019929
-0.021474
-0.022657
-0.024034
-0.025006
-0.025887
-0.026800
-0.027469
-0.028080
-0.024238
-0.029058
-0.029358
-0.029609
-0.029718
-0.029718
-0.029617
-0.029414
-0.029017
-0.028716
-0.028359
-0.027999
-0.027111
-0.027364
-0.026947
-0.026635
-0.026241
-0.025940
-0.025638
-0.025334
-0.025031
-0.024727
-0.024425
-0.020307
-0.023840
-0.023502
-0.023175
-0.022811
-0.022454
-0.022126
-0.021808
-0.021413
-0.021035
-0.020599
-0.020260
-0.019912
-0.019511
-0.019153
-0.018762
-0.018439
-0.018104
-0.017790
-0.017421
-0.016066
-0.016661
-0.016278
-0.015961
-0.015601
-0.015273
-0.014933
-0.014597
-0.014261
-0.013928
-0.013532
-0.013182
-0.012829
-0.012486
-0.012160
-0.011823
-0.011515
-0.011203
-0.010860
-0.010454
-0.010093
-0.009691
-0.009375
-0.009022
-0.008705
-0.008384
-0.008048
-0.007759
-0.007335
-0.007055
-0.006422
-0.005609
-0.002201
-0.005502
-0.005196
-0.004968
-0.004649
-0.004319
-0.004032
-0.003753
-0.003528
-0.003329
-0.003144
-0.003086
-0.003055
-0.003057
-0.003116
-0.003147
-0.003127
-0.003172
-0.003233
-0.003225
-0.003263
-0.003259
-0.006676
-0.007273
-0.007725
-0.008079
-0.008226
-0.008292
-0.008207
-0.008014
-0.007668
-0.007329
-0.007002
-0.006702
-0.006370
-0.006036
-0.005670
-0.005369
-0.005025
-0.004678
-0.004325
-0.004000
-0.003683
-0.003339
-0.003001
-0.002665
-0.002335
-0.002007
-0.001704
-0.001342
-0.001044
-0.000705
-0.000373
-0.000003
0.000328
0.000672
0.000966
0.001324
0.001653
0.001911
0.002291
0.002613
0.002948
0.003282
0.003627
0.003947
0.004280
0.004615
0.004962
0.005288
0.005616
0.005958
0.006274
0.006663
0.007000
0.007321
0.007650
0.007982
0.008343
0.008662
0.008987
0.009318
0.009668
0.009958
0.010320
0.010658
0.010956
0.011309
0.011611
0.011956
0.012314
0.012642
0.013002
0.013319
0.013668
0.013975
0.014281
0.014645
0.014980
0.015305
0.015662
0.015977
0.016313
0.016639
0.016975
0.017315
0.017645
0.017982
0.018287
0.018642
0.018942
0.019274
0.019602
0.019972
0.020296
0.020647
0.020970
0.021303
