nan
nan
nan
nan
nan
nan
nan
nan
nan
nan
nan
nan
nan
nan
nan
nan
nan
nan
nan
nan
nan
nan
nan
nan
nan
nan
nan
nan
0.001011
-0.031879
-0.031575
-0.031129
-0.030892
-0.030551
-0.030248
-0.029882
-0.029645
-0.029214
-0.028828
-0.028241
-0.028061
-0.027682
-0.027294
-0.026776
-0.026703
-0.026374
-0.026027
-0.025669
-0.025373
-0.024976
-0.024604
-0.024138
-0.023754
-0.023383
-0.023074
-0.022712
-0.022322
-0.021918
-0.021467
-0.021132
-0.020812
-0.020427
-0.020054
-0.019530
-0.019144
-0.018923
-0.018622
-0.018253
-0.017922
-0.017526
-0.017149
-0.016797
-0.016430
-0.016174
-0.015783
-0.015481
-0.014886
-0.015047
-0.014961
-0.014949
-0.014975
-0.014981
-0.015021
-0.015045
-0.015030
-0.015059
-0.014750
-0.015116
-0.015131
-0.015139
-0.015156
-0.015171
-0.015151
-0.015219
-0.015220
-0.015436
-0.015572
-0.015919
-0.016426
5.685170
6.563963
6.560985
6.558082
6.555191
6.552029
6.548931
6.546233
6.543393
6.541051
6.538234
2.973077
2.970058
2.967221
2.964378
2.961714
2.958525
1.103762
1.100396
0.007447
0.005128
0.001556
-0.001041
-0.003512
-0.006003
-0.008406
-0.010556
-0.013010
-0.014892
-0.016787
-0.018515
-0.020150
-0.021656
-0.023032
-0.024256
-0.025367
-0.026336
-0.027180
-0.027874
-0.028469
-0.028909
-0.029204
-0.029382
-0.029453
-0.029384
-0.029233
-0.028961
-0.028627
-0.028302
-0.027968
-0.027665
-0.027283
-0.026965
-0.026575
-0.026284
-0.025976
-0.025618
-0.025309
-0.024958
-0.024618
-0.024300
-0.023995
-0.023620
-0.023293
-0.022918
-0.022555
-0.022230
-0.021874
-0.016128
-0.021166
-0.020857
-0.020524
-0.020182
-0.019873
-0.019543
-0.019190
-0.018831
-0.018503
-0.018192
-0.017869
-0.017530
-0.017165
-0.016832
-0.016454
-0.016065
-0.015702
-0.015377
-0.015044
-0.014688
-0.014340
-0.013967
-0.013574
-0.013198
-0.012866
-0.012537
-0.012215
-0.011861
-0.011528
-0.011208
-0.010840
-0.010530
-0.010210
-0.009760
-0.006537
-0.008997
-0.008552
-0.008153
-0.007743
-0.007397
-0.006981
-0.006282
-0.005983
-0.005884
-0.005629
-0.005458
-0.005376
-0.004798
-0.005405
-0.005493
-0.005526
0.005662
-0.005557
-0.005593
-0.005707
2.014770
2.011641
2.049387
1.220734
1.217755
1.214867
4.411831
4.408780
4.406017
4.403025
4.453150
4.550465
4.329292
4.326173
3.763551
3.759704
3.114551
3.419988
2.327573
1.025968
0.293832
-0.008556
-0.009467
-0.015564
-0.018301
-0.021018
-0.023825
-0.026191
-0.028509
-0.030814
-0.033273
-0.035218
-0.037193
-0.039326
-0.040962
-0.042508
-0.010952
-0.012451
-0.014034
-0.015239
-0.016290
-0.017218
-0.018083
-0.018909
-0.017860
-0.019982
-0.020387
-0.020747
-0.020963
-0.021032
-0.020974
-0.020350
-0.020535
-0.020142
-0.019766
-0.019419
-0.018853
-0.018701
-0.018343
-0.017954
-0.017617
-0.017309
-0.016996
-0.016616
-0.016195
-0.015903
-0.015550
-0.015228
-0.014847
-0.014459
-0.014066
-0.013733
-0.013415
-0.013052
-0.012781
-0.012431
-0.012039
-0.011681
-0.011348
-0.011006
-0.010678
-0.010338
-0.010003
-0.009677
-0.009348
-0.009005
-0.008685
-0.008354
-0.008000
-0.007683
-0.007349
-0.006902
-0.006578
-0.006199
-0.005831
-0.005440
-0.005108
-0.004741
-0.004441
-0.004107
-0.003744
-0.003444
-0.003065
-0.002701
-0.002351
-0.002005
-0.001602
-0.001197
-0.000804
-0.000431
-0.000036
0.000294
0.000629
0.001009
0.001392
0.001742
0.002077
0.002389
0.002789
0.003152
0.003572
0.003887
0.004201
0.004569
0.004965
0.005281
0.005633
0.006050
0.006362
0.006744
0.007054
0.007402
0.007767
0.008137
0.008518
0.009266
0.009220
0.009589
0.010043
0.010374
0.010725
0.011024
0.011356
0.011723
0.012036
0.012375
0.012743
0.013034
0.013349
0.013709
0.014102
0.014453
0.014845
0.015188
0.015537
0.015837
0.016111
0.016501
0.016857
0.017776
0.017504
0.017856
0.018191
0.018508
0.018840
0.019135
0.019479
0.019926
0.020250
0.020584
0.020952
0.021249
0.021628
0.022401
0.022276
0.022789
0.024320
0.023494
0.024209
0.024131
0.024481
0.024851
0.025273
0.025678
0.026016
0.026333
0.026636
0.027004
0.027385
0.027778
0.028172
0.028500
0.028836
0.029159
0.029501
0.029841
0.030215
0.030559
0.030952
0.031335
0.031689
0.032094
0.032330
0.032670
0.032983
0.033331
0.033666
0.033972
0.034226
0.034645
0.035000
0.035321
0.035649
0.035974
0.036469
0.036656
0.036962
0.037288
0.037627
0.037960
0.038217
0.038629
0.038945
0.039286
0.039614
0.039943
0.007736
0.007276
0.007607
0.007936
0.008275
0.008599
0.008936
0.009283
0.009599
0.009934
0.010264
0.010597
0.010930
0.011300
0.011624
0.011952
0.012347
0.012708
0.013116
0.013501
0.013843
0.014164
0.014529
0.014836
0.015183
0.015522
0.015839
0.016142
0.016517
0.016835
0.017181
0.017524
0.017832
0.018180
0.018595
0.018931
0.019270
0.019605
0.019934
0.020292
0.020691
0.021039
0.021398
0.021710
0.022066
0.022404
0.022715
0.023085
0.023441
0.023779
0.024167
0.024505
0.024803
0.025145
0.025492
0.025832
0.026219
0.026486
0.026890
0.027231
0.027615
0.027990
0.028792
0.028754
0.029072
0.029408
0.029778
0.030461
0.030487
0.030864
0.031167
0.031471
0.031843
0.032212
0.032542
0.032873
0.033215
0.033566
0.033930
0.034245
0.034587
0.034902
0.035235
0.035573
0.035902
0.036210
0.036545
0.036893
0.037204
0.037539
0.037941
0.038322
0.038712
0.039026
0.020664
0.006462
0.006802
0.007119
0.007632
0.008343
0.008408
0.008783
0.009117
0.009452
0.009832
0.010179
0.010559
0.010895
0.011209
0.011569
0.012741
0.012189
0.012508
0.012859
0.013241
0.013636
0.014117
0.014503
0.014896
0.015192
0.015422
0.015732
0.016121
0.016470
0.016858
0.017175
0.017515
0.017845
0.018185
0.018547
0.018874
0.019192
0.020090
0.020924
0.021099
0.021078
0.021004
0.022610
0.021846
0.022175
0.022503
0.022843
0.023201
0.023533
0.023917
0.024291
0.024683
0.025025
0.025354
0.025705
0.026063
0.026365
0.026747
0.027069
0.027398
0.027754
0.028121
0.028453
0.028833
0.029164
0.029587
0.029948
0.030354
0.030645
0.030977
0.031309
0.031630
0.032500
0.032313
0.032670
0.032997
0.033306
0.033648
0.033975
0.034325
0.034654
0.035004
0.035316
0.035613
0.035897
0.036267
0.036721
0.037068
0.037368
0.037714
0.038038
0.038392
0.038717
0.039025
0.039329
0.039701
-0.011466
-0.026077
-0.025669
-0.025292
-0.024972
-0.024645
-0.024316
-0.024012
-0.023643
-0.023306
-0.022969
-0.022645
-0.022326
-0.021993
-0.021633
-0.021302
-0.020905
-0.020560
-0.020226
-0.019882
-0.019526
-0.019221
-0.018891
-0.018547
-0.018212
-0.017901
-0.017572
-0.017237
-0.016902
-0.016550
-0.016203
-0.015864
-0.015540
-0.015209
-0.014827
-0.014463
-0.014068
-0.013707
-0.013289
-0.012988
-0.012663
-0.012240
-0.011909
-0.011559
-0.011251
-0.010904
-0.010555
-0.010190
-0.009850
-0.009550
-0.009214
-0.008876
-0.008528
-0.008158
-0.007890
-0.007551
-0.007246
-0.006885
-0.006548
-0.006223
-0.005900
-0.005596
-0.005154
-0.004288
-0.004346
-0.003933
-0.003434
0.002628
-0.002748
-0.002334
-0.002019
-0.001690
-0.001162
-0.000821
-0.000424
-0.000105
0.000229
0.001459
0.000888
0.002177
0.001603
0.001987
0.002319
0.002633
0.002942
0.003294
0.003623
0.004063
0.004401
0.004645
0.004969
0.005295
0.005646
0.005962
0.006318
0.006724
0.006986
0.007125
0.007139
0.007172
0.007155
0.007573
0.007084
0.007050
0.006967
0.006804
0.006573
0.006493
0.006499
0.006483
0.006418
0.006407
0.006393
0.006383
0.006362
0.006348
0.006368
0.006210
0.314654
0.528094
0.525124
1.152483
0.550819
0.224557
3.295513
3.291635
3.288232
3.284649
3.280980
3.278229
3.274903
3.272470
1.532322
1.529366
1.526189
1.522692
1.519162
1.515606
1.512474
1.509995
-0.023061
-0.024439
-0.027799
-0.030527
-0.032882
-0.035013
-0.037041
-0.039207
-0.041194
-0.042767
-0.011569
-0.012907
-0.014287
-0.015862
-0.016160
-0.018896
-0.020332
-0.021349
-0.021378
-0.022942
-0.023691
-0.023606
-0.024810
-0.025220
-0.025624
-0.026008
-0.026220
-0.026255
-0.026226
-0.026096
-0.023474
-0.025528
-0.025202
-0.024824
-0.024449
-0.023985
-0.023599
-0.023198
-0.022864
-0.022499
-0.022159
-0.021800
-0.021382
-0.021073
-0.020757
-0.020377
-0.020055
-0.019695
-0.019318
-0.018917
-0.018542
-0.018189
-0.017821
-0.017493
-0.017135
-0.016798
-0.016511
-0.016144
-0.015759
-0.015346
-0.014989
-0.014376
-0.014338
-0.013983
-0.011735
-0.013194
-0.012771
-0.012465
-0.011944
-0.007244
-0.011192
-0.010724
-0.010408
-0.010025
-0.009716
-0.009348
-0.008942
-0.006462
-0.008252
-0.007840
-0.007544
-0.007166
-0.006793
-0.006460
-0.006097
-0.003784
-0.003300
-0.004931
-0.004540
-0.004244
-0.003919
-0.003089
-0.003261
-0.002996
-0.002567
-0.002209
-0.001888
-0.001593
-0.001247
-0.000918
-0.000598
-0.000253
0.000078
0.000473
0.000803
0.001141
0.001454
0.001808
0.002190
0.002547
0.002891
0.003290
0.003561
0.003979
0.004826
0.004784
0.005084
0.005477
0.008837
0.006114
0.006478
0.006804
0.007127
0.007512
0.007891
0.008240
0.008598
0.009010
0.009373
0.009733
0.010127
0.010421
0.010774
0.011193
0.011674
0.012033
0.012383
0.012690
0.013016
0.015132
0.013745
0.014187
0.014523
0.014917
0.015241
0.015603
0.015935
0.016321
0.016743
0.017199
0.017396
0.017697
0.018036
0.018335
0.018764
0.019094
0.019494
0.019885
0.020222
0.021444
0.020979
0.022732
0.022253
0.022156
0.023151
0.022604
0.023455
0.023757
0.024121
0.024571
0.026063
0.026265
0.026186
0.025347
0.025662
0.026040
0.026379
0.026747
0.027054
0.027454
0.028326
0.028168
0.028517
0.028867
0.031575
0.029577
0.030040
0.030401
0.030705
0.031047
0.031498
0.031873
0.032208
0.032618
0.033037
0.033343
0.033721
0.034041
0.034353
0.034688
0.035094
0.036120
0.035771
0.036131
0.036490
0.036851
0.038242
0.024001
0.004753
0.005068
0.005469
0.005837
0.006164
0.006555
0.009671
0.007175
0.007481
0.007818
0.008139
0.008530
0.009376
0.009301
0.009689
0.010149
0.010470
0.010806
0.011125
0.011457
0.012852
0.012188
0.013541
0.013025
0.013409
0.013721
0.014041
0.014398
0.014792
0.015144
0.015476
0.015806
0.016110
0.016433
0.016796
0.017143
0.017503
0.017809
0.018122
0.018437
0.018810
0.019139
0.019532
0.023149
0.020210
0.020613
0.020986
0.021334
0.021644
0.022012
0.022293
0.022627
0.023566
0.023315
0.023707
0.024062
0.024409
0.024737
0.025086
0.025484
0.025864
0.026251
0.026573
0.026726
0.027175
0.027593
0.027898
0.028712
0.028552
0.030984
0.029286
0.029582
0.030035
0.030394
0.030785
0.031106
0.031451
0.033806
0.032125
0.032745
0.032815
0.034739
0.033782
0.034033
0.040668
0.019461
0.017047
0.011845
0.002966
0.003919
0.003619
0.003962
0.004282
0.004651
0.004870
0.005000
0.005009
0.005796
0.004984
0.004937
0.005414
0.007512
0.004989
0.312777
0.299210
-0.014628
-0.034250
-0.039761
-0.040948
-0.008746
-0.009936
-0.011119
-0.012000
-0.012737
-0.013343
-0.013967
-0.014381
-0.014748
-0.015023
-0.015217
-0.015267
-0.015090
-0.013479
-0.014643
-0.014334
-0.014001
-0.013614
-0.012317
-0.012850
-0.012528
-0.012169
-0.011714
-0.011324
-0.011042
-0.010659
-0.010338
-0.010025
-0.009679
-0.009318
-0.009028
-0.008477
-0.004190
-0.007783
-0.007429
-0.007011
-0.006672
-0.006302
-0.006011
-0.005592
-0.005136
-0.004847
-0.004423
-0.004114
-0.003750
-0.003361
-0.003010
-0.002661
-0.001997
-0.000483
-0.001729
-0.001222
-0.000871
-0.000498
-0.000160
0.000312
0.000679
0.000978
0.001277
0.001671
0.001971
0.002297
0.002605
0.002930
0.003295
0.003627
0.003934
0.004245
0.004598
0.004935
0.005236
0.005570
0.005970
0.006824
0.006667
0.006985
0.007280
0.008153
0.008097
0.008469
0.008817
0.009314
0.012180
0.011822
0.011172
0.010803
0.012175
0.011468
0.011802
0.012111
0.012550
0.012918
0.013247
0.013612
0.014013
0.014413
0.014780
0.015121
0.015537
0.015946
0.016361
0.016757
0.017077
0.017463
0.017922
0.018321
0.018712
0.021665
0.019658
0.020047
0.020371
0.020622
0.020974
0.021372
0.021754
0.022093
0.022528
0.022899
0.023220
0.023554
0.025310
0.024962
0.024711
0.025054
0.025410
0.025787
0.026119
0.026452
0.026773
0.027202
0.027552
0.027906
0.028922
0.029439
0.030236
0.030053
0.029711
0.030044
0.030375
0.030688
0.031035
0.031408
0.031747
0.032078
0.032462
0.032854
0.033241
0.034568
0.033957
0.034357
0.034726
0.035097
0.035457
0.035776
0.036074
0.036428
0.036815
0.037202
0.037524
0.037870
0.038170
0.038524
0.038840
0.039154
0.039548
0.039878
0.021358
0.007253
0.007686
0.007985
0.008327
0.008625
0.009020
0.009511
0.009835
0.010232
0.010828
0.018237
0.015904
0.012077
0.012398
0.012811
0.013181
0.013528
0.013933
0.019918
0.014676
0.015169
0.015527
0.015877
0.016209
0.017092
0.017183
0.017372
0.017795
0.018123
0.018471
0.018849
0.019213
0.019626
0.019944
0.020310
0.020614
0.020990
0.021344
0.021717
0.022142
0.022481
0.022825
0.023153
0.023555
0.023931
0.024188
0.024661
0.024970
0.025323
0.025643
0.025967
0.026299
0.026670
0.027065
0.027407
0.027729
0.028078
0.028408
0.028744
0.029082
0.029395
0.029740
0.030073
0.030372
0.030698
0.031157
0.031433
0.031746
0.032071
0.032395
0.032716
0.033047
0.033407
0.033713
0.034041
0.034391
0.034723
0.035123
0.035497
0.035870
0.036212
0.036544
0.036879
0.037185
0.022570
0.005157
0.004868
0.005197
0.005516
0.006169
0.006191
0.006524
0.007229
0.007213
0.007538
0.007866
0.008220
0.008556
0.008871
0.009224
0.009552
0.009880
0.010235
0.010612
0.010926
0.011249
0.011600
0.011916
0.012220
0.012596
0.012915
0.013270
0.013566
0.013874
0.014272
0.014593
0.014918
0.015236
0.015540
0.015925
0.016265
0.016578
0.016919
0.017305
0.017670
0.024757
0.018419
0.018899
0.019151
0.019467
0.019990
0.020190
0.020500
0.020861
0.021250
0.021556
0.021896
0.022353
0.022665
0.023021
0.023339
0.023572
0.024032
0.024318
0.024669
0.025038
0.025289
0.025520
0.025602
0.025608
0.025567
0.025552
0.025554
0.025525
0.025479
0.025737
2.091232
2.088382
-0.014084
-0.017131
-0.011100
-0.022568
-0.024756
-0.026791
0.388001
-0.018774
-0.036314
-0.048750
-0.051481
-0.021149
-0.023940
-0.027049
-0.030250
-0.032787
-0.035163
-0.037281
-0.039482
-0.041431
-0.043250
-0.012173
-0.013945
-0.015565
-0.017161
-0.018626
-0.019891
-0.021220
-0.022412
-0.023473
-0.024430
-0.025236
-0.025934
-0.026518
-0.027114
-0.027480
-0.029013
-0.031302
-0.031821
-0.032212
-0.032464
-0.032581
-0.032571
-0.032416
-0.032124
-0.031794
-0.031460
-0.031128
-0.030804
-0.030534
-0.030022
-0.029640
-0.029308
-0.028922
-0.028618
-0.028202
-0.027894
-0.027534
-0.027217
-0.026905
-0.026566
-0.026236
-0.025844
-0.025488
-0.025172
-0.024903
-0.024779
1.600817
1.597683
1.594605
1.591297
0.863298
-0.000197
-0.003013
-0.005674
-0.008432
-0.011104
-0.013653
-0.016023
-0.018254
-0.020819
-0.023181
-0.025195
-0.027053
-0.028960
-0.030374
-0.030490
-0.033458
-0.034614
-0.035954
-0.036850
-0.037640
-0.038418
-0.038996
-0.039664
-0.040113
-0.040357
-0.007183
-0.007198
-0.007049
-0.006812
-0.006581
-0.006248
-0.005885
-0.005558
-0.005239
-0.004909
-0.004589
-0.004208
-0.003904
-0.003624
-0.003495
-0.003442
-0.003477
-0.003448
-0.003506
-0.003504
-0.003530
-0.003545
-0.003622
-0.003746
6.637522
6.634485
6.631370
6.628547
6.625666
6.622959
1.803551
0.999174
0.998906
0.995990
-0.025148
-0.028301
-0.030908
-0.033429
-0.036605
-0.039045
-0.041237
-0.010358
-0.012361
-0.014831
-0.016874
-0.018598
-0.020209
-0.021727
-0.023171
-0.024539
-0.025787
-0.026940
-0.028311
-0.028813
-0.029709
-0.030512
-0.031802
-0.032390
-0.032885
-0.033289
-0.033791
-0.033686
-0.034076
-0.034015
-0.033806
-0.033470
-0.033168
-0.032781
-0.032401
-0.032099
-0.031745
-0.031442
-0.031066
-0.030765
-0.030464
-0.030084
-0.029756
-0.029428
-0.029085
-0.028046
-0.028383
-0.028080
-0.027777
-0.027376
-0.027033
-0.026689
-0.026414
-0.026112
-0.025808
-0.025495
-0.025191
-0.024844
-0.024509
-0.024184
-0.023855
-0.023482
-0.023169
-0.022866
-0.022562
-0.022197
-0.021833
-0.021503
-0.021200
-0.019658
-0.019354
-0.020167
-0.019864
-0.019522
-0.019202
-0.018901
-0.018534
-0.018203
-0.017900
-0.017546
-0.017216
-0.016881
-0.016542
-0.016210
-0.015883
-0.015534
-0.015211
-0.014881
-0.014530
-0.014156
-0.013774
-0.012873
-0.013116
-0.012489
-0.012459
-0.011580
-0.011791
-0.010892
-0.011001
-0.010662
-0.010381
-0.010061
-0.009691
-0.009305
-0.008944
-0.008637
-0.008279
-0.007956
-0.007604
-0.007315
-0.006969
-0.006624
-0.006283
-0.005964
-0.005647
-0.005299
-0.004978
-0.004676
-0.004310
-0.003986
-0.003667
-0.003324
-0.002983
-0.002280
-0.000598
-0.001569
0.001376
-0.000978
-0.000644
-0.000341
-0.000006
0.000312
0.000664
0.001010
0.001321
0.001626
0.002008
0.002354
0.002657
0.002986
0.003289
0.003581
0.003993
0.004314
0.004621
0.005026
0.005332
0.005689
0.005992
0.006343
0.006676
0.006978
0.007281
0.007685
0.007988
0.008290
0.008656
0.008958
0.009384
0.009748
0.010161
0.010464
0.010750
0.011099
0.011402
0.011759
0.012111
0.012447
0.012808
0.013134
0.013447
0.013751
0.014050
0.014354
0.014657
0.015139
0.015381
0.015721
0.016048
0.016350
0.016672
0.016980
0.017333
0.017652
0.017982
0.018307
0.018610
0.018913
0.019215
0.019588
0.019930
0.020232
0.020592
0.020976
0.021280
0.021614
0.021978
0.022281
0.022585
0.022887
0.023191
0.023562
0.023864
0.024167
0.024473
0.024773
0.025227
0.025641
0.025945
0.026246
0.026551
0.026945
0.027247
0.033589
0.033888
0.028217
0.028545
0.028848
0.029354
0.029665
0.030032
0.030366
0.030729
0.031025
0.031353
0.031681
0.031982
0.032284
0.032586
0.032890
0.033192
0.033616
0.033919
0.034259
0.034559
0.034863
0.035285
0.035612
0.035982
0.036286
0.036683
0.037007
0.037309
0.037611
0.037913
0.038286
0.038633
0.038936
0.039321
0.018552
0.006678
0.007004
0.007319
0.008341
0.008645
0.008333
0.008635
0.008999
0.009342
0.009666
0.010267
0.010571
0.010873
0.011000
0.011400
0.011766
0.012141
0.012443
0.012753
0.013182
0.013484
0.013786
0.014083
0.014548
0.014780
0.015082
0.015385
0.015653
0.016029
0.016326
0.016657
0.016998
0.020063
0.020364
0.020667
0.018279
0.018588
0.018891
0.019386
0.019741
0.020107
0.020464
0.020802
0.021110
0.021413
0.021716
0.022020
0.022306
0.022609
0.022958
0.023295
0.023641
0.023985
0.024351
0.024705
0.025073
0.025446
0.029923
0.040926
-0.004585
-0.006386
-0.003333
-0.005801
-0.005321
-0.005145
-0.004734
-0.004428
-0.004056
-0.003690
-0.003364
-0.003014
-0.002442
-0.002390
-0.002065
-0.001687
-0.001388
-0.001085
-0.000783
-0.000471
-0.000140
0.000198
0.000501
0.000815
0.001118
0.001421
0.001763
0.002065
0.002409
0.002711
0.003054
0.003502
0.003830
0.004133
0.004536
0.004837
0.005140
0.005477
0.007420
0.006244
0.006637
0.006940
0.007330
0.007645
0.007980
0.008346
0.008648
0.009164
0.009468
0.009772
0.010137
0.010442
0.010796
0.011141
0.011441
0.011814
0.012136
0.012451
0.012837
0.013144
0.013555
0.013926
0.014274
0.014575
0.014929
0.015232
0.015608
0.015976
0.016279
0.016610
0.017526
0.018482
0.018783
0.017971
0.019138
0.019441
0.018947
0.019323
0.019761
0.020092
0.020414
0.020764
0.021077
0.021464
0.021720
0.022024
0.022429
0.022732
0.023041
0.023344
0.023664
0.025498
0.025800
0.024607
0.024910
0.025213
0.025601
0.025977
0.026459
0.026763
0.027088
0.027390
0.027761
0.028144
0.028626
0.030545
0.029345
0.029667
0.029984
0.030250
0.030603
0.031056
0.031283
0.032806
0.031912
0.032278
0.032648
0.032950
0.033412
0.033717
0.034122
0.034464
0.034858
0.035191
0.035512
0.035871
0.036175
0.036510
0.036905
0.037206
0.037508
0.037841
0.038145
0.038448
0.038814
0.039188
0.039580
0.022930
0.009881
0.007313
0.007698
0.008053
0.008444
0.008846
0.009354
0.009561
0.009863
0.010236
0.011077
0.014514
0.011480
0.011701
0.012004
0.012386
0.012690
0.013035
0.013359
0.013775
0.014026
0.014330
0.014695
0.015015
0.015317
0.015679
0.016031
0.016349
0.016652
0.016982
0.017284
0.017692
0.018017
0.018319
0.018623
0.019001
0.019352
0.019684
0.019999
0.020303
0.020655
0.020958
0.021292
0.021596
0.022051
0.022356
0.022670
0.022973
0.023277
0.023655
0.024011
0.024340
0.024667
0.025022
0.025344
0.025647
0.025950
0.026315
0.026618
0.027030
0.027335
0.027666
0.028005
0.028312
0.028614
0.028916
0.029278
0.029630
0.029963
0.030282
0.030635
0.030939
0.031331
0.031663
0.031985
0.032323
0.032663
0.032997
0.033325
0.033651
0.033985
0.034285
0.034657
0.035003
0.035328
0.035661
0.035985
0.036317
0.036651
0.036991
0.037321
0.037658
0.037977
0.038335
0.038638
0.038997
0.039321
0.039657
0.039177
0.018043
0.018347
0.007596
0.007939
0.008270
0.008674
0.008979
0.009308
0.009610
0.009949
0.010301
0.010683
0.010987
0.011270
0.011620
0.011940
0.012273
0.012608
0.012940
0.013273
0.013642
0.013969
0.014313
0.014642
0.014974
0.015357
0.015602
0.015936
0.016309
0.016641
0.016947
0.017300
0.017600
0.017935
0.018297
0.018601
0.018975
0.019293
0.019625
0.019955
0.020302
0.020605
0.020912
0.021295
0.021638
0.021968
0.022301
0.022634
0.022951
0.023269
0.023579
0.023981
0.024282
0.024585
0.024888
0.025249
0.025615
0.025958
0.026283
0.026586
0.026890
0.027274
0.027619
0.027954
0.028287
0.028603
0.028953
0.029258
0.029599
0.029957
0.030315
0.030619
0.030941
0.031276
0.031620
0.031924
0.032285
0.032612
0.032916
0.033219
0.033561
0.033864
0.034228
0.034531
0.034965
0.035277
0.035581
0.035884
0.036282
0.036608
0.036957
0.037227
0.037569
0.037871
0.038219
0.038523
0.038938
0.039241
0.039557
0.039922
0.006947
0.007252
0.007663
0.007971
0.008253
0.008556
0.008910
0.009240
0.009556
0.009932
0.010229
0.010606
0.010937
0.011268
0.011602
0.011892
0.012265
0.012603
0.012934
0.013262
0.013606
0.013909
0.014256
0.014593
0.014934
0.015255
0.015592
0.015917
0.016222
0.016594
0.016927
0.017259
0.017597
0.017903
0.018221
0.018548
0.018888
0.019223
0.019525
0.019924
0.020228
0.020569
0.020873
0.021234
0.021583
0.021914
0.022251
0.022554
0.022920
0.023223
0.023527
0.023869
0.024213
0.024592
0.024920
0.025299
0.025585
0.025888
0.026190
0.026563
0.026916
0.027220
0.027523
0.027924
0.028239
0.028580
0.028877
0.029179
0.029577
0.029878
0.030198
0.030579
0.030883
0.031186
0.031489
0.031794
0.032113
0.032417
0.032772
0.033106
0.033439
0.033742
0.034070
0.034438
0.034770
0.035092
0.035405
0.035732
0.036066
0.036400
0.036766
0.037101
0.037433
0.037766
0.038120
0.020621
0.009941
0.005913
0.006278
0.006582
0.006856
0.007190
0.007494
0.007840
0.008188
0.008491
0.008794
0.009220
0.009561
0.009888
0.010220
0.010560
0.010888
0.011225
0.011548
0.011900
0.012184
0.012523
0.012851
0.013153
0.013557
0.013861
0.014220
0.014603
0.014906
0.015201
0.015541
0.015883
0.016187
0.016552
0.016879
0.017203
0.017545
0.017849
0.018197
0.018539
0.018851
0.019192
0.019496
0.019863
0.020228
0.020534
0.020838
0.021190
0.021492
0.021845
0.022216
0.022533
0.022836
0.023139
0.023518
0.023821
0.024203
0.024506
0.024809
0.025193
0.025497
0.025801
0.026104
0.026371
0.026699
0.027038
0.027341
0.027645
0.027948
0.028301
0.028632
0.028963
0.029298
0.029632
0.029963
0.030290
0.030630
0.030928
0.031323
0.031641
0.031963
0.032319
0.032625
0.032929
0.033268
0.033619
0.033963
0.034267
0.034569
0.034928
0.035231
0.035625
0.035927
0.036330
0.036634
0.036961
0.037264
0.037624
0.037961
0.038289
0.038622
0.038955
0.039276
0.039623
0.039927
0.018679
0.007298
0.007602
0.007949
0.008276
0.008617
0.008952
0.009283
0.009597
0.009998
0.010301
0.010603
0.010934
0.011257
0.011598
0.011921
0.012337
0.014214
0.012963
0.013280
0.013607
0.013930
0.014233
0.014548
0.014957
0.015260
0.015697
0.015998
0.016278
0.016583
0.016886
0.017188
0.017492
0.017826
0.018129
0.018496
0.018829
0.019162
0.022395
0.022696
0.022998
0.020477
0.020828
0.021162
0.021481
0.021785
0.022374
0.022490
0.022828
0.023159
0.023610
0.023925
0.024260
0.024584
0.024898
0.025238
0.025603
0.025918
0.026292
0.026577
0.026899
0.027285
0.027595
0.028007
0.028370
0.028801
0.029104
0.029408
0.029777
0.030140
0.030441
0.030791
0.031176
0.031479
0.031988
0.032320
0.032643
0.033810
0.034117
0.033572
0.033909
0.034242
0.034906
0.036450
0.035904
0.036208
0.036060
0.036383
0.039664
0.037450
0.037754
0.038167
0.039667
0.040048
0.042150
0.035827
0.006684
0.007233
0.007610
0.008076
0.015112
0.015419
0.010134
0.012128
0.010139
0.010155
0.010297
0.016133
0.016489
0.016854
0.017157
0.017534
0.017894
0.018225
0.018529
0.018852
0.019193
0.019614
0.019967
0.020488
0.020790
0.021110
0.021420
0.021830
0.022161
0.016981
0.017624
0.017715
0.018029
0.018558
0.018860
0.019084
0.020391
0.020002
0.020313
0.020748
0.021050
0.021352
0.021839
0.022225
0.035828
0.029450
0.029752
0.023812
0.024225
0.024529
0.024690
0.025057
0.025360
0.025886
0.026191
0.026612
0.028060
0.030408
0.027875
0.032199
0.032550
0.028812
0.029125
0.029428
0.029731
0.030034
0.030402
0.030783
0.031232
0.031763
0.031828
0.032131
0.032517
0.032990
0.033353
0.033797
0.034172
0.034473
0.034777
0.035080
0.035382
0.035686
0.035989
0.036292
0.036595
0.036899
0.037203
0.037504
0.037807
0.038111
0.038414
0.038718
0.039021
0.039325
0.039627
0.039930
0.040235
0.040538
0.040840
0.041143
0.041448
0.041750
0.042191
0.028978
0.018916
0.019371
0.010549
0.022929
0.013512
0.011955
0.012029
0.019898
0.012698
0.013031
0.013357
0.014812
0.014067
0.014443
0.014846
0.015227
0.015627
0.016297
0.016342
0.022179
0.017058
0.017565
0.020468
0.018550
0.018865
0.019377
0.019687
0.019958
0.020349
0.020718
0.021072
0.021434
0.021767
0.022227
0.026072
0.025330
0.023472
0.023660
0.024112
0.024469
0.024840
0.025175
0.026729
0.026371
0.026261
0.026548
0.026926
0.027147
0.027608
0.027926
0.028235
0.028639
0.032515
0.029334
0.029649
0.030070
0.030384
0.030694
0.031055
0.031487
0.032555
0.032155
0.032521
0.032938
0.033333
0.033658
0.034090
0.034472
0.036146
0.036348
0.036836
0.037207
0.036197
0.036647
0.038640
0.037428
0.038170
0.038110
0.038507
0.038940
0.039286
0.039694
0.021022
0.015984
0.007599
0.007971
0.008296
0.008731
0.009126
0.009431
0.009813
0.012781
0.010625
0.010957
0.011295
0.011648
0.011981
0.012306
0.012613
0.012945
0.013296
0.013663
0.014047
0.014340
0.014637
0.015001
0.015393
0.017306
0.016116
0.016501
0.016919
0.017228
0.017584
0.017921
0.018267
0.018702
0.019118
0.020257
0.019955
0.020270
0.020635
0.021009
0.023595
0.029165
0.022065
0.022460
0.022850
0.023174
0.023510
0.023838
0.024173
0.024552
0.024945
0.025269
0.025682
0.026079
0.026386
0.026776
0.027076
0.028809
0.028149
0.028333
0.028545
0.028867
0.029204
0.029541
0.029868
0.030161
0.030498
0.030820
0.031164
0.031530
0.031878
0.032324
0.034193
0.032989
0.033312
0.033675
0.033988
0.034370
0.034735
0.035096
0.035539
0.036033
0.036440
0.036761
0.037156
0.037476
0.037819
0.038135
0.038475
0.038844
0.039142
0.039501
0.039900
0.011626
0.007343
0.007637
0.007948
0.008240
0.008568
0.008931
0.009248
0.009601
0.011383
0.010342
0.010670
0.010999
0.011325
0.011662
0.011967
0.012336
0.012661
0.012993
0.013299
0.013654
0.013988
0.014349
0.014631
0.014983
0.015320
0.015655
0.015992
0.016328
0.016653
0.017026
0.018005
0.018128
0.018021
0.019407
0.019467
0.020504
0.020824
0.021026
0.020048
0.020495
0.020807
0.021194
0.021511
0.021841
0.022211
0.022829
0.022817
0.023468
0.024127
0.023933
0.024252
0.024601
0.024937
0.025257
0.025612
0.025947
0.026318
0.026663
0.027040
0.027467
0.027870
0.028190
0.028509
0.028991
0.030666
0.029844
0.031764
0.030657
0.031097
0.031417
0.031818
0.032238
0.032565
0.032870
0.033238
0.033579
0.033865
0.036797
0.034607
0.034949
0.035331
0.035696
0.037065
0.036365
0.036719
0.037049
0.037416
0.037710
0.038028
0.038365
0.038698
0.039033
0.039357
0.039696
0.036012
0.007129
0.007460
0.007758
0.008287
0.008942
0.008885
0.009248
0.009543
0.009899
0.010254
0.010622
0.011008
0.011342
0.011751
0.012076
0.012406
0.012735
0.013057
0.013430
0.013730
0.014073
0.014432
0.014753
0.015068
0.015425
0.015738
0.016062
0.016432
0.016740
0.017183
0.017538
0.017843
0.018217
0.018557
0.018888
0.019318
0.019574
0.020890
0.020322
0.020672
0.020876
0.022217
0.021647
0.021858
0.022240
0.022623
0.023019
0.023320
0.023704
0.024042
0.024485
0.024838
0.025221
0.025533
0.025890
0.028488
-0.002824
-0.006115
-0.002850
-0.000824
-0.004879
-0.004683
-0.004359
-0.004032
-0.003406
-0.003323
-0.003009
-0.002620
-0.002281
-0.001932
-0.001595
-0.001265
-0.000854
-0.000482
-0.000078
0.002075
0.001792
0.001378
0.002334
0.001701
0.002033
0.002461
0.002842
0.003174
0.003480
0.003861
0.005613
0.004766
0.005008
0.005361
0.005733
0.006078
0.006389
0.006724
0.007070
0.007445
0.007777
0.008024
0.008392
0.008764
0.009067
0.009388
0.009719
0.010079
0.010507
0.013112
0.013411
0.011662
0.011963
0.012270
0.012621
0.012974
0.013308
0.013698
0.014038
0.014474
0.014794
0.015076
0.015470
0.015813
0.016115
0.016482
0.016779
0.017175
0.017680
0.017881
0.018285
0.018594
0.018947
0.019312
0.019649
0.020022
0.020387
0.020794
0.022496
0.021527
0.021896
0.022735
0.022460
0.022863
0.023243
0.023580
0.024071
0.024251
0.024582
0.024923
0.025259
0.025570
0.025892
0.026225
0.026563
0.026895
0.027904
0.027560
0.028494
0.029506
0.028586
0.028876
0.029178
0.029570
0.029927
0.030235
0.030562
0.030913
0.031268
0.031560
0.031867
0.032416
0.032615
0.032971
0.033438
0.033875
0.034114
0.034603
0.035175
0.032428
0.006519
0.003562
0.003414
0.003733
0.004137
0.004586
0.004826
0.009536
0.005154
0.005160
0.005144
0.005128
0.005094
0.005061
0.016065
0.005157
0.005111
0.005396
0.005762
0.006157
0.007956
0.011216
0.009281
0.007673
0.008008
0.008338
0.008669
0.009002
0.009319
0.009498
0.009845
0.010256
0.010543
0.010908
0.011214
0.011839
0.011925
0.012355
0.012761
0.013162
0.013567
0.013903
0.014206
0.014645
0.014983
0.015326
0.015657
0.015993
0.016344
0.016663
0.017014
0.017384
0.017706
0.018984
0.018501
0.018841
0.019236
0.019541
0.019936
0.020327
0.020699
0.020993
0.021383
0.022861
0.023407
0.023819
0.022697
0.023019
0.024483
0.024314
0.024131
0.024674
0.024790
0.025198
0.025511
0.025853
0.026209
0.026635
0.026996
0.027339
0.027664
0.028045
0.028440
0.028851
0.029152
0.029518
0.029866
0.030200
0.030633
0.031003
0.031347
0.031647
0.032748
0.032928
0.034147
0.033147
0.033534
0.033978
0.034346
0.034719
0.035795
0.035358
0.035686
0.036099
0.036445
0.036786
0.037105
0.037476
0.037899
0.038242
0.038571
0.038951
0.039281
0.039583
0.039903
0.010898
0.007264
0.007605
0.007899
0.008241
0.008569
0.008880
0.009234
0.009568
0.009981
0.010821
0.010740
0.011047
0.011394
0.011707
0.012005
0.012369
0.012702
0.013173
0.013574
0.013962
0.014287
0.014672
0.015025
0.015771
0.015608
0.015976
0.016360
0.016805
0.017088
0.017450
0.017773
0.018102
0.018431
0.018784
0.019129
0.019514
0.019858
0.020198
0.020432
0.020864
0.021259
0.021584
0.021907
0.022245
0.022595
0.022902
0.023311
0.023703
0.024074
0.024416
0.024827
0.025124
0.025457
0.025861
0.026269
0.026590
0.026891
0.027243
0.027557
0.027938
0.028321
0.028740
0.029072
0.029398
0.029764
0.030144
0.030539
0.030841
0.031254
0.031530
0.031846
0.032156
0.032519
0.032913
0.033579
0.034835
0.033911
0.034304
0.036124
0.034918
0.035356
0.035724
0.036074
0.036520
0.036847
0.037143
0.037454
0.037774
0.038263
0.025466
0.006897
0.006050
0.006705
0.007100
0.007404
0.007781
0.008115
0.008382
0.008827
0.009283
0.014620
0.010023
0.010332
0.013508
0.011125
0.011464
0.011749
0.012082
0.012438
0.012803
0.013166
0.013536
0.013904
0.014229
0.014578
0.014887
0.015279
0.015603
0.015919
0.016224
0.016615
0.016971
0.017353
0.017703
0.018019
0.018413
0.018782
0.019139
0.019474
0.020045
0.020098
0.020437
0.020792
0.021131
0.021451
0.021803
0.022147
0.022451
0.022783
0.023102
0.023407
0.023767
0.024125
0.024462
0.024876
0.025173
0.025503
0.025843
0.026165
0.026669
0.026902
0.027281
0.027664
0.027979
0.028307
0.028654
0.028958
0.029305
0.029637
0.030001
0.030326
0.030629
0.030935
0.031311
0.031627
0.031961
0.032284
0.032585
0.032950
0.033281
0.033608
0.033941
0.034279
0.034654
0.034923
0.035102
0.035193
0.035231
0.035216
0.035215
0.035141
0.035127
0.035084
1.508329
1.483440
1.480480
1.477458
-0.010183
-0.010604
-0.016298
-0.018896
-0.021532
-0.023828
-0.026071
-0.028384
-0.030457
-0.032431
-0.034265
-0.036044
-0.037656
-0.039224
-0.040623
-0.041866
-0.009966
-0.011035
-0.012199
-0.012979
-0.013790
-0.014496
-0.015134
-0.015679
-0.016115
-0.016455
1.514304
6.999999
6.997051
6.993978
6.991062
6.988217
3.607544
3.604628
3.601738
4.639313
4.635636
4.632302
4.629489
4.625988
4.623274
2.959663
2.956546
2.953671
-0.021523
-0.020063
-0.028557
-0.031412
-0.034019
-0.036540
-0.038965
-0.041536
-0.043787
-0.012543
-0.014575
-0.017173
-0.018348
-0.021917
-0.023525
-0.025327
-0.026723
-0.028247
-0.029431
-0.030794
-0.031865
-0.033097
-0.033949
-0.034619
-0.035195
-0.035660
-0.036069
-0.036373
-0.036633
-0.036810
-0.036813
-0.036666
-0.036437
-0.036146
-0.035819
-0.035512
-0.035118
-0.034807
-0.034452
-0.034132
-0.033239
-0.033466
-0.033138
-0.032790
-0.032464
-0.032135
-0.031725
-0.031388
-0.031107
-0.030776
-0.030416
-0.030055
-0.029477
-0.028902
-0.028599
-0.028671
-0.028367
-0.028042
-0.027716
-0.027252
-0.026961
-0.026663
-0.026360
-0.026055
-0.025308
-0.025006
-0.024703
-0.024660
-0.020130
-0.023970
-0.023667
-0.023021
-0.022717
-0.022415
-0.021555
-0.021483
-0.014105
-0.013803
-0.013499
-0.020678
-0.020392
-0.020063
-0.019728
-0.019397
-0.019054
-0.018751
-0.018450
-0.018053
-0.017751
-0.017390
-0.017072
-0.016770
-0.016399
-0.016072
-0.015749
-0.015446
-0.015062
-0.014715
-0.014411
-0.014080
-0.013776
-0.013373
-0.008157
-0.012578
-0.012266
-0.011933
-0.011630
-0.011329
-0.011026
-0.010573
-0.010239
-0.009936
-0.009608
-0.009278
-0.008904
-0.008601
-0.008298
-0.007925
-0.007621
-0.007277
-0.006931
-0.006627
-0.006323
-0.005930
-0.005626
-0.005324
-0.004933
-0.004603
-0.004300
-0.003963
-0.003661
-0.003296
-0.002994
-0.002621
-0.002319
-0.002017
-0.001660
-0.001305
-0.001003
-0.000625
-0.000322
-0.000020
0.000359
0.000662
0.001038
0.001341
0.001712
0.002020
0.002324
0.002627
0.003038
0.003347
0.003649
0.003950
0.004412
0.004719
0.005039
0.005342
0.005645
0.006050
0.006353
0.006657
0.007046
0.007358
0.007693
0.008034
0.008349
0.008684
0.009018
0.009321
0.009624
0.009926
0.010256
0.010558
0.010879
0.011250
0.011641
0.012057
0.012391
0.012740
0.013045
0.013436
0.013739
0.014117
0.014418
0.014788
0.015121
0.015450
0.015783
0.016113
0.016453
0.016774
0.017100
0.017431
0.017772
0.018027
0.018456
0.018760
0.019110
0.019414
0.019771
0.020113
0.020427
0.020751
0.021055
0.021430
0.021732
0.022082
0.022414
0.022747
0.023070
0.023373
0.023675
0.024075
0.024401
0.024703
0.025065
0.025404
0.025728
0.026063
0.026366
0.026733
0.027041
0.027392
0.027775
0.028079
0.028381
0.028685
0.029061
0.029493
0.029726
0.030028
0.030423
0.030748
0.031052
0.031410
0.031772
0.034351
0.034654
0.032719
0.033021
0.033406
0.033746
0.034090
0.034409
0.034714
0.035017
0.036477
0.036780
0.037084
0.036320
0.036661
0.037072
0.037373
0.037732
0.038038
0.038378
0.038686
0.039043
0.039397
0.039701
0.021012
0.007134
0.007438
0.007741
0.008329
0.008477
0.008780
0.009135
0.009468
0.009771
0.010148
0.010482
0.010786
0.011088
0.011507
0.011912
0.012308
0.012610
0.012973
0.013293
0.013607
0.013911
0.014213
0.014617
0.014935
0.015446
0.015754
0.016132
0.016438
0.017041
0.017187
0.017509
0.017807
0.018111
0.018455
0.018760
0.019115
0.019444
0.019748
0.020116
0.020418
0.020787
0.021107
0.021447
0.021775
0.022106
0.022442
0.022745
0.023047
0.023349
0.023678
0.025882
0.024369
0.024682
0.025007
0.025339
0.025649
0.025951
0.026358
0.026662
0.026947
0.027475
0.027785
0.028149
0.029174
0.028766
0.031002
0.031304
0.029771
0.030150
0.030481
0.030822
0.040406
0.040715
0.031687
0.031989
0.032561
0.032722
0.033432
0.033409
0.034142
0.034569
0.034569
0.034881
0.035212
0.035545
0.035872
0.036222
0.036547
0.036885
0.037249
0.037549
0.037850
0.038154
0.038557
0.039916
0.040218
0.039551
0.039893
0.040209
0.040513
0.040815
0.041117
0.041421
0.021783
0.008891
0.009220
0.009600
0.010640
0.010949
0.011256
0.010969
0.011287
0.011629
0.011962
0.012264
0.012623
0.012965
0.013267
0.013571
0.013962
0.014288
0.014591
0.014894
0.015198
0.015519
0.015864
0.016181
0.016484
0.016854
0.017201
0.017503
0.017806
0.018189
0.018491
0.018796
0.019193
0.020679
0.019863
0.020173
0.020529
0.020835
0.021138
0.021575
0.021877
0.022096
0.022373
0.022675
0.022979
0.023282
0.023581
0.023885
0.024186
0.024488
0.024793
0.025094
0.025396
0.025943
0.026245
0.026498
0.026800
0.027155
0.027463
0.027763
0.028158
0.028543
0.028840
0.029184
0.029523
0.029850
0.030206
0.030509
0.030982
0.031376
0.031758
0.032115
0.032428
0.032757
0.033069
0.033369
0.035961
0.038045
0.034426
0.034736
0.035040
0.035493
0.035796
0.036097
0.036449
0.036846
0.037309
0.037568
0.037874
0.038196
0.038725
0.039107
0.039485
0.039797
0.017879
0.018254
0.018562
0.018866
0.008227
0.008530
0.008905
0.009249
0.009574
0.009937
0.010238
0.010579
0.010906
0.011293
0.011669
0.012016
0.012319
0.012665
0.012990
0.013295
0.013661
0.013988
0.014325
0.014629
0.014995
0.015313
0.015600
0.015995
0.016299
0.016601
0.016949
0.017279
0.017652
0.017972
0.018672
0.018975
0.018946
0.019344
0.019646
0.019971
0.020328
0.020631
0.020988
0.021262
0.021637
0.021944
0.022248
0.022634
0.022937
0.023241
0.023648
0.023973
0.024305
0.024637
0.024941
0.025244
0.025660
0.025944
0.026293
0.026610
0.026936
0.027339
0.027643
0.027999
0.028274
0.028578
0.028992
0.029305
0.029608
0.029964
0.030290
0.030603
0.030963
0.031267
0.031569
0.031871
0.032173
0.032502
0.032857
0.033199
0.033503
0.033857
0.034191
0.034493
0.034794
0.035099
0.035402
0.035710
0.036086
0.036475
0.036780
0.037086
0.037418
0.037721
0.038024
0.038328
0.038594
0.038933
0.039258
0.039622
0.039947
0.017129
0.007280
0.007577
0.007913
0.008280
0.008617
0.008940
0.009287
0.009606
0.009914
0.010280
0.010612
0.010916
0.011276
0.011579
0.011940
0.012235
0.012538
0.012926
0.013230
0.013611
0.013949
0.014271
0.014605
0.014918
0.015235
0.015571
0.015904
0.016241
0.016607
0.016916
0.017242
0.017569
0.017939
0.018236
0.018590
0.018935
0.019296
0.019733
0.020056
0.020398
0.020733
0.021058
0.021372
0.021695
0.022026
0.022359
0.022692
0.023028
0.023357
0.023688
0.024022
0.024342
0.024676
0.025031
0.025353
0.025683
0.026021
0.026342
0.026738
0.027053
0.027391
0.027731
0.028072
0.028375
0.028710
0.029060
0.029406
0.029681
0.030022
0.030346
0.030691
0.031021
0.031365
0.031724
0.032019
0.032394
0.032710
0.033081
0.033363
0.033681
0.034003
0.034400
0.034705
0.035008
0.035345
0.035680
0.036004
0.036364
0.036668
0.037051
0.037374
0.037711
0.038039
0.038346
0.038685
0.039012
0.039332
0.039711
0.038568
0.007025
0.007330
0.007715
0.008044
0.008381
0.008719
0.009008
0.009336
0.009691
0.010008
0.010336
0.010672
0.011002
0.011342
0.011673
0.012007
0.012339
0.012675
0.013000
